time,x_m,y_m,z_m
0.7383,0.2488,0.1110,0.6862
0.7724,0.2477,0.1107,0.6873
0.8052,0.2545,0.1108,0.6872
0.8385,0.2608,0.1107,0.6882
0.8722,0.2691,0.1086,0.7027
0.9052,0.2777,0.1052,0.7202
0.9416,0.2867,0.0991,0.7430
0.9716,0.2941,0.0938,0.7634
1.0047,0.3011,0.0891,0.7807
1.0383,0.3062,0.0857,0.7945
1.0721,0.3109,0.0825,0.8062
1.1053,0.3150,0.0795,0.8171
1.1390,0.3180,0.0775,0.8254
1.1727,0.3205,0.0758,0.8324
1.2056,0.3231,0.0741,0.8384
1.2372,0.3253,0.0727,0.8435
1.2715,0.3267,0.0717,0.8478
1.3050,0.3279,0.0709,0.8515
1.3382,0.3292,0.0703,0.8537
1.3715,0.3303,0.0697,0.8555
1.4045,0.3308,0.0695,0.8570
1.4375,0.3317,0.0691,0.8584
1.4716,0.3320,0.0690,0.8595
1.5052,0.3331,0.0686,0.8604
1.5368,0.3340,0.0690,0.8612
1.5672,0.3330,0.0703,0.8609
1.5997,0.3330,0.0712,0.8607
1.6289,0.3338,0.0718,0.8605
1.6611,0.3340,0.0722,0.8603
1.6926,0.3344,0.0721,0.8611
1.7105,0.3342,0.0727,0.8608
1.7383,0.3344,0.0730,0.8606
1.7718,0.3342,0.0735,0.8604
1.8063,0.3340,0.0740,0.8602
1.8387,0.3342,0.0741,0.8601
1.8723,0.3340,0.0744,0.8600
1.9053,0.3342,0.0745,0.8598
1.9388,0.3344,0.0745,0.8598
1.9720,0.3346,0.0745,0.8597
2.0055,0.3347,0.0746,0.8596
2.0384,0.3348,0.0746,0.8596
2.0723,0.3345,0.0749,0.8595
2.1057,0.3343,0.0751,0.8595
2.1390,0.3345,0.0750,0.8594
2.1721,0.3342,0.0753,0.8594
2.2061,0.3344,0.0752,0.8594
2.2385,0.3346,0.0751,0.8594
2.2726,0.3347,0.0750,0.8594
2.3056,0.3348,0.0750,0.8593
2.3398,0.3349,0.0750,0.8593
2.3723,0.3345,0.0757,0.8583
2.4063,0.3346,0.0755,0.8585
2.4392,0.3346,0.0760,0.8576
2.4725,0.3342,0.0766,0.8568
2.5059,0.3338,0.0770,0.8562
2.5393,0.3339,0.0773,0.8557
2.5719,0.3336,0.0776,0.8552
2.6070,0.3334,0.0780,0.8548
2.6385,0.3337,0.0775,0.8555
2.6728,0.3334,0.0778,0.8551
2.7070,0.3337,0.0774,0.8557
2.7389,0.3338,0.0775,0.8552
2.7726,0.3341,0.0771,0.8558
2.8057,0.3338,0.0775,0.8554
2.8396,0.3339,0.0777,0.8550
2.8735,0.3341,0.0772,0.8556
2.9059,0.3343,0.0768,0.8561
2.9391,0.3343,0.0771,0.8556
2.9731,0.3340,0.0775,0.8552
3.0057,0.3337,0.0778,0.8548
3.0394,0.3338,0.0779,0.8545
3.0726,0.3339,0.0780,0.8542
3.1059,0.3336,0.0783,0.8540
3.1395,0.3339,0.0778,0.8548
3.1731,0.3336,0.0781,0.8544
3.2060,0.3339,0.0776,0.8552
3.2397,0.3341,0.0771,0.8558
3.2730,0.3343,0.0768,0.8563
3.3084,0.3345,0.0765,0.8567
3.3396,0.3341,0.0770,0.8561
3.3728,0.3342,0.0772,0.8556
3.4064,0.3342,0.0774,0.8552
3.4416,0.3344,0.0770,0.8558
3.4730,0.3346,0.0766,0.8563
3.5062,0.3347,0.0764,0.8567
3.5396,0.3348,0.0761,0.8571
3.5738,0.3349,0.0759,0.8574
3.6073,0.3350,0.0757,0.8577
3.6397,0.3351,0.0756,0.8579
3.6735,0.3351,0.0754,0.8581
3.7064,0.3352,0.0753,0.8583
3.7405,0.3351,0.0758,0.8575
3.7736,0.3352,0.0756,0.8577
3.8063,0.3351,0.0761,0.8570
3.8402,0.3351,0.0759,0.8573
3.8731,0.3352,0.0757,0.8576
3.9071,0.3352,0.0756,0.8578
3.9424,0.3353,0.0754,0.8581
3.9747,0.3353,0.0753,0.8582
4.0070,0.3353,0.0752,0.8584
4.0400,0.3354,0.0752,0.8585
4.0731,0.3350,0.0753,0.8586
4.1080,0.3345,0.0760,0.8577
4.1413,0.3345,0.0764,0.8570
4.1736,0.3347,0.0761,0.8573
4.2068,0.3348,0.0759,0.8576
4.2406,0.3343,0.0765,0.8569
4.2733,0.3345,0.0762,0.8572
4.3068,0.3341,0.0768,0.8565
4.3422,0.3329,0.0784,0.8530
4.3731,0.3333,0.0779,0.8539
4.4101,0.3331,0.0781,0.8537
4.4407,0.3329,0.0784,0.8535
4.4742,0.3332,0.0784,0.8534
4.5086,0.3330,0.0786,0.8533
4.5407,0.3328,0.0788,0.8532
4.5737,0.3327,0.0789,0.8531
4.6072,0.3325,0.0791,0.8530
4.6406,0.3305,0.0810,0.8480
4.6743,0.3311,0.0806,0.8487
4.7076,0.3312,0.0805,0.8493
4.7408,0.3317,0.0802,0.8498
4.7740,0.3321,0.0799,0.8502
4.8069,0.3321,0.0799,0.8506
4.8433,0.3320,0.0799,0.8509
4.8744,0.3320,0.0799,0.8511
4.9085,0.3324,0.0797,0.8514
4.9406,0.3327,0.0795,0.8516
4.9742,0.3312,0.0810,0.8477
5.0076,0.3313,0.0809,0.8485
5.0422,0.3319,0.0799,0.8501
5.0740,0.3319,0.0799,0.8505
5.1074,0.3324,0.0791,0.8518
5.1409,0.3324,0.0792,0.8519
5.1770,0.3327,0.0791,0.8520
5.2072,0.3326,0.0792,0.8521
5.2416,0.3328,0.0791,0.8522
5.2763,0.3332,0.0785,0.8533
5.3076,0.3330,0.0787,0.8532
5.3412,0.3333,0.0786,0.8531
5.3740,0.3322,0.0800,0.8500
5.4082,0.3321,0.0800,0.8504
5.4412,0.3325,0.0797,0.8508
5.4744,0.3329,0.0790,0.8520
5.5073,0.3333,0.0783,0.8531
5.5424,0.3331,0.0786,0.8530
5.5743,0.3329,0.0787,0.8530
5.6083,0.3328,0.0789,0.8529
5.6440,0.3330,0.0788,0.8529
5.6757,0.3329,0.0790,0.8528
5.7084,0.3320,0.0800,0.8508
5.7410,0.3316,0.0802,0.8511
5.7742,0.3322,0.0794,0.8523
5.8076,0.3327,0.0787,0.8534
5.8423,0.3329,0.0787,0.8533
5.8754,0.3328,0.0788,0.8532
5.9084,0.3325,0.0793,0.8521
5.9417,0.3328,0.0792,0.8522
5.9757,0.3327,0.0793,0.8522
6.0087,0.3325,0.0793,0.8523
6.0428,0.3330,0.0786,0.8533
6.0753,0.3309,0.0806,0.8482
6.1076,0.3316,0.0797,0.8499
6.1421,0.3321,0.0790,0.8513
6.1756,0.3307,0.0806,0.8475
6.2093,0.3309,0.0805,0.8483
6.2432,0.3310,0.0804,0.8489
6.2756,0.3317,0.0795,0.8505
6.3082,0.3317,0.0796,0.8508
6.3423,0.3317,0.0796,0.8511
6.3750,0.3322,0.0794,0.8513
6.4100,0.3325,0.0793,0.8515
6.4426,0.3310,0.0809,0.8477
6.4747,0.3303,0.0819,0.8454
6.5097,0.3311,0.0808,0.8475
6.5428,0.3305,0.0815,0.8463
6.5774,0.3311,0.0811,0.8472
6.6087,0.3312,0.0809,0.8480
6.6434,0.3317,0.0805,0.8487
6.6756,0.3321,0.0802,0.8493
6.7085,0.3321,0.0802,0.8498
6.7434,0.3312,0.0813,0.8472
6.7756,0.3311,0.0814,0.8471
6.8108,0.3316,0.0809,0.8479
6.8435,0.3321,0.0806,0.8486
6.8774,0.3301,0.0823,0.8442
6.9090,0.3307,0.0817,0.8455
6.9421,0.3295,0.0829,0.8425
6.9756,0.3299,0.0824,0.8441
7.0119,0.3306,0.0819,0.8453
7.0430,0.3288,0.0834,0.8414
7.0760,0.3296,0.0826,0.8431
7.1090,0.3300,0.0822,0.8445
7.1421,0.3303,0.0818,0.8458
7.1757,0.3305,0.0815,0.8468
7.2101,0.3307,0.0813,0.8477
7.2424,0.3313,0.0809,0.8484
7.2751,0.3314,0.0807,0.8490
7.3109,0.3300,0.0821,0.8456
7.3449,0.3303,0.0817,0.8466
7.3760,0.3311,0.0807,0.8485
7.4095,0.3312,0.0805,0.8491
7.4455,0.3313,0.0804,0.8497
7.4765,0.3315,0.0798,0.8511
7.5101,0.3317,0.0793,0.8523
7.5432,0.3318,0.0794,0.8524
7.5759,0.3318,0.0794,0.8524
7.6093,0.3298,0.0813,0.8474
7.6436,0.3301,0.0811,0.8482
7.6765,0.3304,0.0809,0.8489
7.7097,0.3308,0.0802,0.8504
7.7441,0.3309,0.0802,0.8508
7.7766,0.3309,0.0804,0.8501
7.8108,0.3315,0.0801,0.8504
7.8443,0.3317,0.0796,0.8518
7.8759,0.3317,0.0796,0.8519
7.9104,0.3321,0.0794,0.8520
7.9437,0.3326,0.0787,0.8531
7.9768,0.3325,0.0789,0.8530
8.0127,0.3324,0.0790,0.8530
8.0448,0.3311,0.0803,0.8499
8.0780,0.3312,0.0802,0.8503
8.1098,0.3317,0.0800,0.8507
8.1430,0.3321,0.0798,0.8510
8.1784,0.3314,0.0806,0.8492
8.2096,0.3320,0.0798,0.8507
8.2441,0.3324,0.0796,0.8510
8.2765,0.3328,0.0788,0.8523
8.3106,0.3331,0.0788,0.8523
8.3430,0.3333,0.0787,0.8524
8.3777,0.3331,0.0789,0.8524
8.4106,0.3334,0.0783,0.8534
8.4437,0.3336,0.0783,0.8533
8.4785,0.3333,0.0785,0.8532
8.5095,0.3331,0.0787,0.8531
8.5430,0.3333,0.0787,0.8531
8.5768,0.3337,0.0781,0.8540
8.6116,0.3339,0.0776,0.8548
8.6439,0.3336,0.0779,0.8545
8.6778,0.3338,0.0780,0.8542
8.7129,0.3336,0.0778,0.8549
8.7437,0.3339,0.0773,0.8556
8.7786,0.3336,0.0777,0.8551
8.8100,0.3333,0.0780,0.8548
8.8450,0.3331,0.0783,0.8545
8.8817,0.3329,0.0785,0.8542
8.9109,0.3332,0.0785,0.8540
8.9449,0.3335,0.0779,0.8547
8.9780,0.3337,0.0780,0.8544
9.0116,0.3334,0.0783,0.8542
9.0437,0.3332,0.0785,0.8539
9.0767,0.3286,0.0788,0.8557
9.1099,0.3187,0.0764,0.8610
9.1434,0.3086,0.0707,0.8732
9.1793,0.2955,0.0704,0.8901
9.2120,0.2805,0.0775,0.9116
9.2439,0.2652,0.0868,0.9369
9.2793,0.2502,0.0955,0.9626
9.3100,0.2372,0.0991,0.9921
9.3442,0.2225,0.1030,1.0212
9.3774,0.2169,0.1071,1.0516
9.4118,0.2104,0.1131,1.0852
9.4447,0.2047,0.1163,1.1221
9.4776,0.1991,0.1201,1.1621
9.5117,0.1920,0.1228,1.2011
9.5448,0.1858,0.1044,1.2444
9.5784,0.1784,0.1124,1.2864
9.6108,0.1702,0.1175,1.3291
9.6468,0.1624,0.1211,1.3741
9.6805,0.1538,0.1242,1.4182
9.7109,0.1458,0.1285,1.4648
9.7445,0.1377,0.1329,1.5126
9.7797,0.1299,0.1380,1.5617
9.8110,0.1214,0.1415,1.6099
9.8453,0.1126,0.1448,1.6577
9.8780,0.1025,0.1483,1.7048
9.9115,0.0939,0.1514,1.7543
9.9447,0.0841,0.1543,1.8028
9.9776,0.0762,0.1564,1.8527
10.0121,0.0677,0.1600,1.9021
10.0445,0.0605,0.1635,1.9541
10.0779,0.0536,0.1667,2.0054
10.1112,0.0448,0.1698,2.0558
10.1446,0.0336,0.1725,2.1081
10.1779,0.0290,0.1757,2.1625
10.2113,0.0182,0.1779,2.1969
10.2439,0.0095,0.1796,2.2252
10.2779,-0.0029,0.1805,2.2466
10.5787,-0.0036,0.1830,2.2881
11.7131,-0.0158,0.1834,2.2908
11.7456,-0.0257,0.1836,2.2850
11.7787,-0.0326,0.1834,2.2754
11.8123,-0.0344,0.1832,2.2605
11.8476,-0.0326,0.1815,2.2325
11.8792,-0.0234,0.1803,2.2037
11.9135,-0.0110,0.1790,2.1681
11.9461,0.0036,0.1762,2.1254
11.9793,0.0233,0.1745,2.0826
12.0131,0.0454,0.1715,2.0368
12.0463,0.0694,0.1710,1.9891
12.0794,0.0958,0.1454,1.9383
12.1124,0.1248,0.1236,1.8885
12.1464,0.1542,0.1373,1.8361
12.1794,0.1849,0.1454,1.7825
12.2127,0.2169,0.1458,1.7273
12.2460,0.2498,0.1442,1.6741
12.2797,0.2827,0.1414,1.6178
12.3126,0.3160,0.1394,1.5623
12.3465,0.3496,0.1372,1.5063
12.3793,0.3834,0.1335,1.4497
12.4134,0.4171,0.1290,1.3948
12.4459,0.4508,0.1216,1.3410
12.4788,0.4845,0.1136,1.2872
12.5122,0.5180,0.1036,1.2312
12.5460,0.5509,0.0893,1.1758
12.5816,0.5823,0.0911,1.1155
12.6130,0.6154,0.1012,1.0579
12.6459,0.6496,0.1116,1.0037
12.6801,0.6832,0.1226,0.9510
12.7131,0.7161,0.1355,0.8949
12.7469,0.7504,0.1283,0.8449
12.7797,0.7843,0.1207,0.7893
12.8145,0.8180,0.1145,0.7384
12.8468,0.8505,0.1080,0.6876
12.8799,0.8842,0.1042,0.6393
12.9131,0.9174,0.1021,0.5891
12.9462,0.9507,0.1008,0.5398
12.9809,0.9821,0.0990,0.4923
13.0133,1.0147,0.0986,0.4492
13.0458,1.0470,0.0981,0.4069
13.0794,1.0793,0.0960,0.3653
13.1131,1.1057,0.0964,0.3370
13.1469,1.1271,0.0966,0.3130
13.1802,1.1446,0.0974,0.2954
13.2138,1.1582,0.0964,0.2734
13.2461,1.1691,0.0962,0.2575
13.2803,1.1783,0.0960,0.2440
13.3134,1.1860,0.0959,0.2339
13.3474,1.1921,0.0962,0.2253
13.3805,1.1977,0.0961,0.2181
13.4135,1.2029,0.0953,0.2076
13.4463,1.2072,0.0947,0.1987
13.4803,1.2106,0.0941,0.1897
13.5138,1.2133,0.0937,0.1835
13.5466,1.2146,0.0934,0.1797
13.5802,1.2141,0.0940,0.1779
13.6150,1.2111,0.0936,0.1734
13.6468,1.2064,0.0925,0.1725
13.6809,1.2004,0.0908,0.1732
13.7144,1.1945,0.0893,0.1723
13.7470,1.1885,0.0877,0.1715
13.7807,1.1823,0.0859,0.1723
13.8136,1.1754,0.0850,0.1772
13.8473,1.1690,0.0831,0.1757
13.8802,1.1632,0.0810,0.1716
13.9143,1.1577,0.0797,0.1695
13.9476,1.1516,0.0781,0.1678
13.9806,1.1454,0.0772,0.1663
14.0146,1.1393,0.0764,0.1650
14.0472,1.1337,0.0757,0.1611
14.0801,1.1279,0.0755,0.1591
14.1147,1.1222,0.0752,0.1561
14.1480,1.1167,0.0755,0.1549
14.1808,1.1096,0.0750,0.1553
14.2155,1.0976,0.0745,0.1627
14.2474,1.0788,0.0742,0.1786
14.2802,1.0558,0.1045,0.1961
14.3139,1.0307,0.1300,0.2189
14.3481,1.0044,0.1492,0.2485
14.3810,0.9803,0.1670,0.2686
14.4139,0.9630,0.1801,0.2932
14.4471,0.9448,0.1889,0.3227
14.4811,0.9254,0.1954,0.3526
14.5146,0.9070,0.1980,0.3874
14.5472,0.8877,0.1973,0.4248
14.5809,0.8678,0.1894,0.4644
14.6152,0.8468,0.1610,0.5002
14.6472,0.8262,0.1373,0.5412
14.6808,0.8060,0.1218,0.5862
14.7149,0.7857,0.1118,0.6324
14.7488,0.7651,0.1033,0.6755
14.7813,0.7453,0.0938,0.7224
14.8147,0.7253,0.0935,0.7704
14.8477,0.7051,0.0941,0.8173
14.8813,0.6837,0.0965,0.8632
14.9151,0.6632,0.1007,0.9113
14.9475,0.6424,0.1041,0.9610
14.9804,0.6102,0.1093,1.0161
15.0146,0.5745,0.1158,1.0780
15.0477,0.5328,0.1260,1.1318
15.0810,0.4919,0.1279,1.1596
15.1146,0.4619,0.1400,1.2120
15.1487,0.4365,0.1190,1.2795
15.1814,0.4093,0.1011,1.3467
15.2146,0.3805,0.1102,1.4141
15.2484,0.3508,0.1184,1.4836
15.2811,0.3206,0.1250,1.5520
15.3146,0.2902,0.1322,1.6219
15.3486,0.2608,0.1376,1.6954
15.3816,0.2278,0.1438,1.7646
15.4144,0.1939,0.1489,1.8332
15.4478,0.1634,0.1545,1.9029
15.4809,0.1314,0.1596,1.9721
15.6148,0.1418,0.1455,1.6823
15.6485,0.1637,0.1267,1.4463
15.6818,0.1931,0.1134,1.2414
15.7146,0.2292,0.1034,1.0627
15.8819,0.1911,0.1171,1.2753
16.5160,0.1474,0.1275,1.4329
16.5487,0.1104,0.1356,1.5586
16.5836,0.0819,0.1429,1.6602
16.6158,0.0605,0.1486,1.7432
16.6492,0.0439,0.1528,1.8030
16.6827,0.0369,0.1551,1.8487
16.7154,0.0353,0.1577,1.8779
16.7500,0.0399,0.1605,1.8957
16.7836,0.0498,0.1611,1.9050
16.8158,0.0617,0.1598,1.9028
16.8491,0.0776,0.1611,1.8940
16.8831,0.0960,0.1602,1.8792
16.9165,0.1167,0.1361,1.8581
16.9491,0.1400,0.1157,1.8339
16.9834,0.1649,0.0984,1.8046
17.0164,0.1911,0.1184,1.7712
17.0492,0.2191,0.1323,1.7340
17.0838,0.2469,0.1353,1.6964
17.1157,0.2754,0.1359,1.6570
17.1499,0.3046,0.1345,1.6172
17.1826,0.3340,0.1352,1.5770
17.2176,0.3641,0.1369,1.5368
17.2499,0.3939,0.1352,1.4943
17.2832,0.4243,0.1335,1.4511
17.3185,0.4548,0.1306,1.4095
17.3494,0.4852,0.1291,1.3675
17.3830,0.5153,0.1234,1.3223
17.4170,0.5455,0.1159,1.2805
17.4493,0.5766,0.0997,1.2386
17.4828,0.6077,0.0940,1.1947
17.5172,0.6382,0.0917,1.1497
17.5501,0.6676,0.0948,1.1036
17.5837,0.6978,0.0992,1.0604
17.6169,0.7283,0.1049,1.0144
17.6499,0.7591,0.0979,0.9721
17.6828,0.7892,0.0976,0.9297
17.7165,0.8195,0.0987,0.8871
17.7501,0.8494,0.1001,0.8418
17.7839,0.8798,0.1006,0.7975
17.8181,0.9101,0.1002,0.7563
17.8506,0.9398,0.0983,0.7141
17.8836,0.9702,0.0980,0.6732
17.9165,0.9998,0.0993,0.6361
17.9504,1.0279,0.0996,0.6057
17.9833,1.0513,0.1003,0.5824
18.0172,1.0686,0.1009,0.5601
18.0496,1.0791,0.1021,0.5310
18.0846,1.0839,0.1015,0.4984
18.1171,1.0832,0.0968,0.4571
18.1520,1.0758,0.0924,0.4136
18.1848,1.0641,0.0891,0.3709
18.2173,1.0470,0.0869,0.3288
18.2502,1.0263,0.1259,0.2855
18.2840,1.0023,0.1604,0.2488
18.3179,0.9834,0.1894,0.2175
18.3526,0.9659,0.2141,0.1925
18.3850,0.9501,0.2351,0.1712
18.4186,0.9366,0.2530,0.1531
18.4524,0.9242,0.2677,0.1407
18.4845,0.9127,0.2793,0.1331
18.5186,0.9020,0.2878,0.1324
18.5527,0.8934,0.2952,0.1304
18.5863,0.8846,0.3003,0.1345
18.6188,0.8787,0.3042,0.1379
18.6517,0.8731,0.3076,0.1409
18.6846,0.8685,0.3088,0.1504
18.7181,0.8641,0.3087,0.1627
18.7528,0.8594,0.3083,0.1745
18.7871,0.8555,0.3069,0.1885
18.8196,0.8518,0.3052,0.2032
18.8514,0.8482,0.3027,0.2197
18.8846,0.8437,0.3006,0.2337
18.9185,0.8395,0.2984,0.2469
18.9527,0.8345,0.2977,0.2528
18.9880,0.8303,0.2960,0.2631
19.0200,0.8226,0.2911,0.2860
19.0510,0.8047,0.2474,0.3225
19.0847,0.7802,0.2250,0.3629
19.1179,0.7511,0.2040,0.4148
19.1514,0.7275,0.1881,0.4248
19.1849,0.7005,0.1735,0.4770
19.2179,0.6710,0.1618,0.5315
19.2524,0.6397,0.1377,0.5924
19.2842,0.6051,0.1174,0.6552
19.3182,0.5691,0.1046,0.7200
19.3526,0.5304,0.1060,0.7868
19.3853,0.4895,0.1105,0.8564
19.4193,0.4469,0.1153,0.9269
19.4534,0.4027,0.1188,1.0004
19.4850,0.3591,0.1258,1.0784
19.5182,0.3139,0.1285,1.1559
19.5533,0.2693,0.1321,1.2372
19.5870,0.2239,0.1360,1.3190
19.6197,0.1772,0.1391,1.4018
19.6521,0.1276,0.1418,1.4827
19.6861,0.0781,0.1450,1.5551
19.7186,0.0342,0.1473,1.6270
19.9528,0.0265,0.1547,1.7584
19.9856,0.0237,0.1619,1.8772
20.0194,0.0214,0.1677,1.9788
20.0527,0.0190,0.1730,2.0646
20.0854,0.0168,0.1774,2.1372
20.1190,0.0142,0.1808,2.1973
20.2844,0.0179,0.1838,2.2569
20.3184,0.0194,0.1860,2.3039
20.3522,0.0171,0.1880,2.3388
20.7868,0.0140,0.1895,2.3679
20.8197,-0.0008,0.1891,2.3616
20.8546,-0.0108,0.1887,2.3590
20.8872,-0.0197,0.1876,2.3427
20.9195,-0.0215,0.1870,2.3274
20.9531,-0.0203,0.1860,2.3025
20.9855,-0.0129,0.1827,2.2745
21.0202,-0.0027,0.1803,2.2403
21.0525,0.0118,0.1797,2.2029
21.0863,0.0300,0.1761,2.1638
21.1222,0.0506,0.1747,2.1214
21.1528,0.0727,0.1720,2.0768
21.1857,0.0972,0.1702,2.0341
21.2200,0.1223,0.1446,1.9864
21.2526,0.1494,0.1229,1.9366
21.2857,0.1781,0.1406,1.8859
21.3204,0.2081,0.1515,1.8341
21.3544,0.2379,0.1510,1.7808
21.3883,0.2679,0.1494,1.7308
21.4214,0.2980,0.1459,1.6800
21.4530,0.3282,0.1446,1.6288
21.4865,0.3590,0.1442,1.5802
21.5191,0.3897,0.1415,1.5311
21.5528,0.4206,0.1385,1.4816
21.5871,0.4513,0.1350,1.4321
21.6203,0.4816,0.1326,1.3816
21.6541,0.5120,0.1256,1.3308
21.6879,0.5424,0.1187,1.2813
21.7201,0.5721,0.1014,1.2319
21.7538,0.6014,0.0948,1.1822
21.7861,0.6316,0.0968,1.1322
21.8199,0.6619,0.1022,1.0816
21.8532,0.6908,0.1097,1.0303
21.8867,0.7195,0.1194,0.9780
21.9205,0.7485,0.1301,0.9259
21.9550,0.7775,0.1251,0.8793
21.9888,0.8065,0.1191,0.8328
22.0199,0.8356,0.1144,0.7863
22.0531,0.8633,0.1100,0.7395
22.0869,0.8916,0.1055,0.6911
22.1201,0.9203,0.1038,0.6449
22.1564,0.9482,0.1028,0.6004
22.1876,0.9727,0.1025,0.5652
22.2203,0.9939,0.1023,0.5353
22.2574,1.0122,0.1020,0.5073
22.2868,1.0276,0.1014,0.4769
22.3202,1.0401,0.0986,0.4444
22.3543,1.0498,0.0946,0.4084
22.3880,1.0555,0.0917,0.3737
22.4208,1.0616,0.0894,0.3370
22.4546,1.0660,0.0877,0.3029
22.4879,1.0671,0.0861,0.2797
22.5203,1.0642,0.0840,0.2600
22.5532,1.0588,0.0817,0.2432
22.5865,1.0509,0.0799,0.2318
22.6201,1.0408,0.0796,0.2221
22.6537,1.0294,0.0802,0.2138
22.6881,1.0159,0.0829,0.2097
22.7212,1.0006,0.1163,0.2075
22.7537,0.9843,0.1463,0.2028
22.7917,0.9677,0.1717,0.2003
22.8207,0.9502,0.1934,0.1995
22.8544,0.9326,0.2118,0.2003
22.8872,0.9152,0.2281,0.1995
22.9200,0.8972,0.2419,0.2002
22.9552,0.8805,0.2537,0.2008
22.9871,0.8630,0.2637,0.2014
23.0219,0.8454,0.2714,0.2032
23.0553,0.8277,0.2771,0.2061
23.0869,0.8098,0.2355,0.2072
23.1212,0.7919,0.2002,0.2109
23.1545,0.7700,0.1822,0.2208
23.1883,0.7395,0.1667,0.2398
23.2250,0.7056,0.1506,0.2636
23.2572,0.6695,0.1383,0.2900
23.2877,0.6355,0.1274,0.3186
23.3204,0.6104,0.1163,0.3465
23.3585,0.5849,0.1104,0.3785
23.3896,0.5600,0.0955,0.4182
23.4240,0.5353,0.0957,0.4628
23.4539,0.5099,0.0955,0.5071
23.4876,0.4834,0.0950,0.5529
23.5208,0.4574,0.0919,0.6018
23.5537,0.4329,0.0845,0.6548
23.5870,0.4078,0.0741,0.7098
23.6211,0.3820,0.0773,0.7646
23.6578,0.3565,0.0835,0.8222
23.6875,0.3305,0.0902,0.8808
23.7242,0.3041,0.0998,0.9385
23.7546,0.2792,0.1059,1.0024
23.7873,0.2541,0.1112,1.0667
23.8212,0.2265,0.1152,1.1266
23.8552,0.1987,0.1191,1.1875
23.8874,0.1722,0.1234,1.2511
23.9215,0.1481,0.1279,1.3169
23.9550,0.1184,0.1342,1.3940
23.9871,0.0830,0.1380,1.4729
24.0219,0.0452,0.1426,1.5510
24.0562,0.0193,0.1467,1.6275
24.0880,-0.0029,0.1500,1.7025
24.1212,-0.0291,0.1543,1.7713
24.1545,-0.0174,0.1604,1.8649
24.1891,-0.0132,0.1659,1.9523
24.2211,-0.0161,0.1704,2.0294
24.2550,-0.0289,0.1721,2.0577
24.2884,-0.0416,0.1731,2.0857
24.3227,-0.0468,0.1740,2.1167
24.3554,-0.0504,0.1762,2.1482
25.6585,-0.0551,0.1780,2.1756
25.6890,-0.0636,0.1786,2.1934
25.7222,-0.0697,0.1791,2.2000
25.7557,-0.0700,0.1799,2.2009
25.7891,-0.0663,0.1805,2.1991
25.8232,-0.0610,0.1790,2.1885
25.8572,-0.0519,0.1780,2.1706
25.8904,-0.0371,0.1768,2.1507
25.9234,-0.0195,0.1770,2.1271
25.9559,-0.0000,0.1744,2.0993
25.9901,0.0190,0.1722,2.0660
26.0239,0.0406,0.1716,2.0312
26.0563,0.0643,0.1691,1.9958
26.0901,0.0882,0.1437,1.9566
26.1229,0.1131,0.1222,1.9165
26.1564,0.1388,0.1039,1.8754
26.1892,0.1652,0.1256,1.8332
26.2225,0.1925,0.1394,1.7898
26.2566,0.2195,0.1491,1.7452
26.2894,0.2466,0.1483,1.7018
26.3231,0.2742,0.1474,1.6581
26.3561,0.3017,0.1455,1.6139
26.3902,0.3297,0.1427,1.5704
26.4231,0.3576,0.1418,1.5274
26.4571,0.3854,0.1391,1.4839
26.4892,0.4112,0.1365,1.4365
26.5233,0.4384,0.1323,1.3912
26.5555,0.4659,0.1297,1.3485
26.5891,0.4932,0.1247,1.3053
26.6231,0.5198,0.1154,1.2623
26.6578,0.5467,0.1102,1.2213
26.6907,0.5726,0.1006,1.1780
26.7231,0.5990,0.0871,1.1364
26.7566,0.6256,0.0864,1.0942
26.7895,0.6495,0.0937,1.0483
26.8255,0.6742,0.1030,1.0030
26.8581,0.6992,0.1123,0.9591
26.8906,0.7254,0.1213,0.9175
26.9238,0.7514,0.1308,0.8778
26.9570,0.7774,0.1260,0.8373
26.9905,0.8026,0.1198,0.7948
27.0267,0.8264,0.1129,0.7479
27.0576,0.8507,0.1074,0.7032
27.0922,0.8756,0.1021,0.6589
27.1249,0.9008,0.0975,0.6201
27.1567,0.9257,0.0936,0.5793
27.1910,0.9512,0.0936,0.5486
27.2239,0.9728,0.0940,0.5237
27.2590,0.9890,0.0931,0.5013
27.2902,0.9998,0.0899,0.4784
27.3236,1.0064,0.0865,0.4536
27.3572,1.0099,0.0850,0.4299
27.3924,1.0101,0.0829,0.4085
27.4235,1.0068,0.0816,0.3861
27.4574,1.0027,0.0818,0.3589
27.4922,0.9964,0.0830,0.3344
27.5252,0.9888,0.0844,0.3107
27.5565,0.9800,0.1184,0.2877
27.5943,0.9673,0.1484,0.2696
27.6234,0.9556,0.1743,0.2528
27.6568,0.9451,0.1974,0.2357
27.6914,0.9324,0.2188,0.2167
27.7244,0.9216,0.2365,0.2021
27.7575,0.9095,0.2532,0.1838
27.7903,0.8945,0.2665,0.1741
27.8240,0.8826,0.2789,0.1600
27.8581,0.8675,0.2875,0.1582
27.8925,0.8525,0.2956,0.1524
27.9244,0.8384,0.3030,0.1445
27.9572,0.8233,0.3093,0.1348
27.9906,0.8035,0.2629,0.1310
28.0245,0.7782,0.2325,0.1392
28.0581,0.7505,0.2065,0.1503
28.0913,0.7233,0.1844,0.1679
28.1243,0.7042,0.1667,0.1816
28.1577,0.6854,0.1525,0.2012
28.1907,0.6656,0.1401,0.2270
28.2252,0.6439,0.1277,0.2552
28.2578,0.6237,0.1168,0.2927
28.2914,0.6024,0.1081,0.3316
28.3244,0.5811,0.1042,0.3738
28.3576,0.5603,0.0891,0.4230
28.3941,0.5400,0.0871,0.4733
28.4247,0.5194,0.0829,0.5272
28.4590,0.4987,0.0781,0.5839
28.4918,0.4779,0.0704,0.6415
28.5259,0.4572,0.0605,0.7005
28.5577,0.4365,0.0594,0.7610
28.5918,0.4155,0.0681,0.8217
28.6249,0.3949,0.0782,0.8837
28.6583,0.3743,0.0872,0.9487
28.6919,0.3532,0.0806,1.0127
28.8059,0.3318,0.0714,1.0769
28.8461,0.3044,0.0666,1.1645
28.8630,0.2781,0.0603,1.2498
28.8946,0.2510,0.0527,1.3299
28.9252,0.2248,0.0496,1.4088
28.9939,0.2005,0.0423,1.4887
29.0238,0.1781,0.0359,1.5684
29.0580,0.1558,0.0341,1.6465
29.1400,0.1267,0.0535,1.7305
29.1611,0.1026,0.0739,1.8239
29.1807,0.0807,0.0644,1.9085
31.0158,0.0668,0.0845,1.9609
31.0355,0.0590,0.0984,1.9960
31.0601,0.0555,0.1104,2.0153
31.0932,0.0576,0.1199,2.0226
31.1273,0.0664,0.1273,2.0220
31.1603,0.0796,0.1348,2.0142
31.1936,0.0962,0.1407,1.9987
31.2268,0.1138,0.1439,1.9761
31.2598,0.1361,0.1455,1.9534
31.2932,0.1605,0.1478,1.9251
31.3265,0.1865,0.1256,1.8921
31.3609,0.2143,0.1068,1.8566
31.3978,0.2430,0.1196,1.8168
31.4272,0.2726,0.1321,1.7760
31.4609,0.3030,0.1349,1.7336
31.4935,0.3327,0.1360,1.6901
31.5273,0.3635,0.1352,1.6469
31.5636,0.3952,0.1371,1.6052
31.5948,0.4278,0.1388,1.5609
31.6312,0.4602,0.1366,1.5165
31.6609,0.4912,0.1368,1.4692
31.6935,0.5231,0.1362,1.4250
31.7268,0.5561,0.1333,1.3816
31.7602,0.5886,0.1346,1.3353
31.7942,0.6213,0.1358,1.2916
31.8296,0.6543,0.1359,1.2481
31.8596,0.6869,0.1350,1.2019
31.8956,0.7204,0.1338,1.1588
31.9268,0.7525,0.1306,1.1144
31.9608,0.7833,0.1303,1.0656
31.9967,0.8141,0.1275,1.0146
32.0276,0.8464,0.1263,0.9734
32.0607,0.8804,0.1232,0.9320
32.0938,0.9124,0.1222,0.8846
32.1272,0.9438,0.1186,0.8328
32.1604,0.9765,0.1120,0.7887
32.1966,1.0099,0.0954,0.7477
32.2277,1.0377,0.0826,0.7080
32.2609,1.0589,0.0706,0.6718
32.2942,1.0738,0.0682,0.6423
32.3294,1.0841,0.0697,0.6110
32.3610,1.0892,0.0731,0.5806
32.3950,1.0922,0.0763,0.5535
32.4276,1.0917,0.0794,0.5292
32.4610,1.0883,0.0810,0.5047
32.4942,1.0838,0.0811,0.4812
32.5277,1.0781,0.0816,0.4613
32.5609,1.0706,0.0818,0.4404
32.5951,1.0617,0.0787,0.4187
32.6282,1.0515,0.0733,0.3949
32.6620,1.0401,0.0772,0.3719
32.6952,1.0255,0.0860,0.3440
32.7275,1.0116,0.0930,0.3231
32.7625,0.9979,0.1004,0.3025
32.7951,0.9839,0.1086,0.2822
32.8276,0.9697,0.1170,0.2620
32.8611,0.9543,0.1256,0.2421
32.8947,0.9336,0.1255,0.2322
32.9277,0.9088,0.1127,0.2336
32.9621,0.8805,0.1084,0.2414
32.9947,0.8509,0.1046,0.2561
33.0285,0.8217,0.1004,0.2774
33.0612,0.7998,0.0973,0.2918
33.0945,0.7786,0.0933,0.3129
33.1279,0.7576,0.0927,0.3417
33.1616,0.7366,0.0941,0.3769
33.1962,0.7153,0.0947,0.4169
33.2297,0.6949,0.0931,0.4586
33.2633,0.6731,0.0921,0.5005
33.2948,0.6522,0.0929,0.5485
33.3288,0.6313,0.0930,0.5982
33.3614,0.6110,0.0962,0.6491
33.3963,0.5906,0.0986,0.7017
33.4288,0.5702,0.1013,0.7544
33.4611,0.5494,0.1040,0.8070
33.4948,0.5275,0.1094,0.8584
33.5298,0.5071,0.1216,0.9135
33.5617,0.4871,0.1033,0.9696
33.5964,0.4673,0.1073,1.0256
33.6284,0.4405,0.1164,1.0880
33.6621,0.4075,5.5263,1.1529
33.6945,0.3679,4.7227,1.2261
33.7286,0.3322,4.0386,1.3077
33.7616,0.2988,3.4546,1.3564
33.7969,0.2725,2.9601,1.4243
33.8284,0.2453,2.5401,1.4916
33.8617,0.2170,2.1848,1.5586
33.8967,0.1894,1.8834,1.6269
33.9303,0.1615,1.6268,1.6961
33.9627,0.1335,1.4093,1.7654
33.9964,0.1062,1.2253,1.8342
34.0283,0.0777,1.0691,1.8903
34.0615,0.0463,0.9361,1.9456
34.4295,0.0749,0.8035,1.6537
34.4967,0.1342,0.6905,1.4147
34.5289,0.2019,0.5956,1.2317
34.5626,0.2741,0.5127,1.0575
34.5973,0.3486,0.4411,0.9153
34.6294,0.2976,0.4046,1.1617
35.1628,0.2428,0.3728,1.3467
35.1961,0.1925,0.3457,1.4896
35.2294,0.1503,0.3221,1.6058
35.2628,0.1165,0.3010,1.6980
35.2958,0.0910,0.2837,1.7724
35.3300,0.0737,0.2677,1.8306
35.3634,0.0628,0.2536,1.8697
35.3965,0.0584,0.2418,1.8945
35.4296,0.0603,0.2304,1.9089
35.4634,0.0662,0.2208,1.9133
35.4960,0.0759,0.2137,1.9089
35.5294,0.0894,0.2056,1.8982
35.5640,0.1056,0.1998,1.8812
35.5969,0.1236,0.1993,1.8580
35.6297,0.1437,6.0084,1.8310
35.6629,0.1658,5.1072,1.8003
35.6967,0.1894,4.3701,1.7656
35.7296,0.2149,3.7385,1.7285
35.7633,0.2405,3.2011,1.6897
35.7965,0.2668,2.7438,1.6506
35.8296,0.2935,2.3521,1.6082
35.8630,0.3216,2.0166,1.5700
35.8965,0.3495,1.7344,1.5286
35.9299,0.3777,1.4940,1.4873
35.9635,0.4054,1.2896,1.4442
35.9975,0.4339,1.1154,1.4020
36.0297,0.4630,0.9652,1.3602
36.0631,0.4920,0.8381,1.3170
36.0963,0.5208,0.7317,1.2741
36.1302,0.5490,0.6407,1.2313
36.1634,0.5773,0.5617,1.1865
36.1972,0.6057,0.4952,1.1418
36.2305,0.6340,0.4378,1.0978
36.2628,0.6620,0.3876,1.0544
36.2995,0.6905,0.3430,1.0114
36.3303,0.7188,0.3009,0.9641
36.3641,0.7475,0.2650,0.9218
36.3975,0.7757,0.2320,0.8770
36.4298,0.8037,0.2019,0.8320
36.4638,0.8311,0.1769,0.7868
36.4969,0.8596,0.1631,0.7460
36.5305,0.8880,0.1507,0.7065
36.5640,0.9165,0.1414,0.6655
36.5971,0.9449,0.1340,0.6269
36.6301,0.9720,0.1287,0.5891
36.6634,0.9993,0.1177,0.5491
36.6992,1.0227,0.1063,0.5177
36.7304,1.0397,0.1031,0.4936
36.7641,1.0506,0.1018,0.4719
36.7975,1.0576,0.1004,0.4534
36.8315,1.0591,0.0982,0.4350
36.8640,1.0568,0.0963,0.4181
36.8967,1.0508,0.0923,0.4011
36.9313,1.0413,0.0888,0.3812
36.9646,1.0296,0.0923,0.3616
36.9971,1.0159,0.0959,0.3463
37.0303,0.9996,0.0980,0.3319
37.0643,0.9820,0.1012,0.3183
37.0992,0.9639,0.1054,0.3054
37.1310,0.9437,0.1092,0.2903
37.1668,0.9227,0.1089,0.2689
37.2005,0.9007,0.0939,0.2578
37.2364,0.8783,0.0839,0.2470
37.2641,0.8554,0.0799,0.2364
37.2973,0.8347,0.0746,0.2217
37.3311,0.8124,0.0724,0.2077
37.3650,0.7877,0.0725,0.1973
37.3970,0.7620,0.0743,0.1870
37.4314,0.7311,0.0712,0.1910
37.4640,0.6954,0.0710,0.2038
37.4976,0.6545,0.0736,0.2134
37.5311,0.6265,0.0735,0.2308
37.5648,0.5977,0.0754,0.2572
37.5982,0.5686,0.0781,0.2919
37.6337,0.5400,0.0818,0.3355
37.6649,0.5097,0.0864,0.3816
37.6978,0.4792,0.0873,0.4327
37.7313,0.4487,0.0901,0.4896
37.7649,0.4171,0.0939,0.5489
37.7973,0.3862,0.0992,0.6144
37.8319,0.3537,0.1053,0.6763
37.8651,0.3216,0.1109,0.7420
37.8982,0.2900,0.1155,0.8102
37.9322,0.2579,0.1196,0.8806
37.9650,0.2243,0.1241,0.9502
38.0010,0.1918,0.1261,1.0235
38.0307,0.1596,0.1280,1.0991
38.0649,0.1276,0.1303,1.1770
38.0986,0.0950,0.1313,1.2544
38.1322,0.0610,0.1352,1.3301
38.1648,0.0257,0.1385,1.4065
38.1986,-0.0066,0.1429,1.4909
38.8650,0.0929,0.1290,1.2672
39.6656,0.0652,0.1381,1.4287
39.6998,0.0449,0.1461,1.5690
39.7325,0.0265,0.1524,1.6743
39.7657,0.0093,0.1574,1.7525
39.7991,0.0010,0.1617,1.8184
39.8345,-0.0041,0.1640,1.8629
39.8658,-0.0043,0.1660,1.8916
39.9006,0.0012,0.1676,1.9096
39.9331,0.0106,0.1671,1.9171
39.9665,0.0222,0.1662,1.9145
39.9984,0.0367,0.1658,1.9049
40.0326,0.0538,0.1642,1.8884
40.0667,0.0721,0.1625,1.8652
40.1001,0.0926,0.1632,1.8387
40.1332,0.1129,0.1387,1.8056
40.1664,0.1355,0.1179,1.7713
40.1995,0.1592,0.1002,1.7345
40.2323,0.1839,0.1075,1.6974
40.2666,0.2088,0.1125,1.6570
40.2997,0.2340,0.1150,1.6150
40.3338,0.2596,0.1204,1.5742
40.3663,0.2851,0.1242,1.5321
40.3988,0.3103,0.1246,1.4870
40.4334,0.3350,0.1243,1.4414
40.4662,0.3604,0.1248,1.3970
40.4995,0.3864,0.1233,1.3525
40.5335,0.4116,0.1204,1.3059
40.5668,0.4371,0.1202,1.2609
40.6009,0.4619,0.1194,1.2153
40.6328,0.4863,0.1154,1.1681
40.6669,0.5099,0.1115,1.1190
40.6995,0.5345,0.1104,1.0733
40.7333,0.5590,0.1084,1.0273
40.7664,0.5841,0.1077,0.9819
40.8002,0.6070,0.1036,0.9324
40.8331,0.6301,0.0990,0.8847
40.8671,0.6534,0.0930,0.8362
40.9002,0.6760,0.0843,0.7902
40.9335,0.6991,0.0723,0.7476
40.9669,0.7222,0.0657,0.7065
40.9992,0.7454,0.0631,0.6630
41.0332,0.7686,0.0641,0.6196
41.0680,0.7917,0.0691,0.5750
41.1019,0.8145,0.0755,0.5330
41.1346,0.8372,0.0799,0.4934
41.1672,0.8578,0.0825,0.4610
41.2024,0.8773,0.0805,0.4295
41.2401,0.8963,0.0730,0.4013
41.2671,0.9143,0.0757,0.3732
41.3003,0.9319,0.0775,0.3548
41.3334,0.9463,0.0790,0.3392
41.3667,0.9559,0.0765,0.3232
41.4005,0.9606,0.0750,0.3136
41.4354,0.9610,0.0805,0.3042
41.4671,0.9576,0.0867,0.2934
41.5014,0.9510,0.0905,0.2870
41.5341,0.9394,0.0962,0.2787
41.5664,0.9257,0.0981,0.2745
41.6005,0.9110,0.0964,0.2722
41.6352,0.8937,0.0827,0.2689
41.6671,0.8749,0.0777,0.2675
41.7018,0.8548,0.0768,0.2662
41.7352,0.8336,0.0784,0.2652
41.7672,0.8101,0.0790,0.2574
41.8000,0.7867,0.0795,0.2563
41.8333,0.7621,0.0778,0.2540
41.8689,0.7388,0.0762,0.2574
41.9015,0.7149,0.0745,0.2604
41.9339,0.6908,0.0731,0.2628
41.9683,0.6663,0.0722,0.2649
42.0004,0.6412,0.0730,0.2654
42.0332,0.6161,0.0744,0.2657
42.0671,0.5902,0.0758,0.2700
42.1016,0.5579,0.0765,0.2789
42.1352,0.5210,0.0747,0.2930
42.1672,0.4848,0.0746,0.3174
42.2030,0.4487,0.0758,0.3430
42.2336,0.4194,0.0777,0.3730
42.2685,0.3965,0.0838,0.4089
42.3003,0.3762,0.0870,0.4516
42.3352,0.3574,0.0927,0.5006
42.3678,0.3381,0.0955,0.5503
42.4021,0.3192,0.0977,0.6024
42.4337,0.3011,0.1013,0.6580
42.4682,0.2831,0.1074,0.7143
42.5037,0.2663,0.1137,0.7726
42.5344,0.2504,0.1172,0.8346
42.5678,0.2338,0.1209,0.8969
42.6008,0.2180,0.1250,0.9627
42.6345,0.2004,0.1254,1.0251
42.6688,0.1852,0.1317,1.0921
42.7013,0.1702,0.1337,1.1601
42.7351,0.1543,0.1358,1.2266
42.7685,0.1386,0.1391,1.2939
42.8010,0.1221,0.1410,1.3613
42.8341,0.1039,0.1444,1.4276
42.8700,0.0871,0.1480,1.4958
42.9021,0.0708,0.1516,1.5652
42.9346,0.0548,0.1544,1.6355
42.9683,0.0378,0.1576,1.7054
43.0013,0.0203,0.1604,1.7696
43.0339,0.0042,0.1643,1.8343
43.0687,-0.0106,0.1684,1.8995
43.1028,-0.0213,0.1713,1.9658
44.1760,-0.0310,0.1741,2.0229
44.2088,-0.0376,0.1768,2.0643
44.2451,-0.0420,0.1781,2.0965
44.2776,-0.0447,0.1789,2.1170
44.3030,-0.0422,0.1791,2.1312
44.3356,-0.0371,0.1784,2.1333
44.3703,-0.0273,0.1775,2.1283
44.4046,-0.0147,0.1763,2.1152
44.4353,-0.0003,0.1749,2.0952
44.4693,0.0178,0.1738,2.0726
44.5028,0.0368,0.1734,2.0439
44.5358,0.0570,0.1705,2.0097
44.5693,0.0796,0.1697,1.9750
44.6019,0.1035,0.1442,1.9378
44.6354,0.1279,5.9400,1.8976
44.6691,0.1529,5.0490,1.8551
44.7028,0.1787,4.3207,1.8122
44.7399,0.2045,3.6953,1.7662
44.7692,0.2303,3.1632,1.7197
44.8021,0.2565,2.6887,1.6739
44.8357,0.2826,2.3068,1.6273
44.8696,0.3087,1.9811,1.5795
44.9028,0.3346,1.7038,1.5328
44.9362,0.3596,1.4672,1.4861
44.9696,0.3850,1.2667,1.4391
45.0034,0.4102,1.0947,1.3917
45.0367,0.4359,0.9490,1.3471
45.0705,0.4612,0.8241,1.3014
45.1041,0.4865,0.7176,1.2535
45.1363,0.5115,0.6261,1.2072
45.1715,0.5362,0.5474,1.1612
45.2025,0.5603,0.4808,1.1142
45.2364,0.5839,0.4233,1.0642
45.2702,0.6083,0.3739,1.0175
45.3040,0.6316,0.3280,0.9725
45.3362,0.6546,0.2875,0.9255
45.3693,0.6790,0.2514,0.8801
45.4051,0.7026,0.2154,0.8322
45.4367,0.7257,0.1847,0.7869
45.4707,0.7479,0.1612,0.7400
45.5063,0.7698,0.1432,0.6951
45.5370,0.7921,0.1332,0.6482
45.5710,0.8151,0.1258,0.6071
45.6033,0.8376,0.1216,0.5630
45.6371,0.8589,0.1169,0.5107
45.6713,0.8814,0.1061,0.4744
45.7038,0.9031,0.1039,0.4367
45.7368,0.9220,0.1021,0.4047
45.7711,0.9376,0.1009,0.3761
45.8046,0.9490,0.0986,0.3518
45.8370,0.9560,0.0841,0.3283
45.8702,0.9587,0.0866,0.3055
45.9040,0.9568,0.0945,0.2848
45.9391,0.9509,0.1035,0.2657
45.9701,0.9421,0.1127,0.2480
46.0032,0.9289,0.1201,0.2345
46.0366,0.9126,0.1209,0.2286
46.0701,0.8963,0.1179,0.2207
46.1037,0.8796,0.1094,0.2098
46.1377,0.8615,0.0931,0.1991
46.1713,0.8423,0.0843,0.1900
46.2042,0.8226,0.0782,0.1808
46.2371,0.8029,0.0736,0.1686
46.2708,0.7821,0.0711,0.1553
46.3044,0.7606,0.0710,0.1440
46.3373,0.7389,0.0718,0.1345
46.3716,0.7170,0.0724,0.1248
46.4041,0.6951,0.0729,0.1166
46.4368,0.6727,0.0701,0.1111
46.4711,0.6496,0.0660,0.1050
46.5046,0.6298,0.0631,0.1027
46.5372,0.6065,0.0631,0.1022
46.5723,0.5776,0.0647,0.1076
46.6039,0.5474,0.0632,0.1192
46.6371,0.5171,0.0623,0.1305
46.6711,0.4894,0.0618,0.1497
46.7044,0.4711,0.0635,0.1714
46.7377,0.4543,0.0655,0.1938
46.7712,0.4396,0.0686,0.2244
46.8068,0.4260,0.0709,0.2579
46.8382,0.4137,0.0744,0.2973
46.8712,0.4021,0.0776,0.3412
46.9039,0.3907,0.0824,0.3853
46.9388,0.3801,0.0858,0.4326
46.9716,0.3714,0.0886,0.4866
47.0060,0.3631,0.0960,0.5415
47.0393,0.3550,0.1022,0.5959
47.0722,0.3471,0.1048,0.6526
47.1047,0.3396,0.1081,0.7116
47.1384,0.3317,0.1130,0.7696
47.1713,0.3242,0.1158,0.8290
47.2043,0.3167,0.1202,0.8883
47.2374,0.3090,0.1221,0.9481
47.2722,0.3016,0.1263,1.0100
47.3047,0.2852,0.1285,1.0739
47.3397,0.2592,0.1354,1.1434
47.3710,0.2327,0.1377,1.2155
47.4111,0.2067,0.1417,1.2845
47.4383,0.1874,0.1439,1.3478
47.4716,0.1688,0.1458,1.4142
47.5049,0.1505,0.1489,1.4835
47.5382,0.1312,0.1524,1.5534
47.5716,0.1081,0.1553,1.6197
47.6045,0.0846,0.1579,1.6883
47.6381,0.0627,0.1615,1.7586
47.6722,0.0393,0.1652,1.8211
47.7054,0.0190,0.1692,1.8822
47.7387,-0.0017,0.1716,1.9411
49.0389,-0.0145,0.1732,1.9992
49.0764,-0.0185,0.1754,2.0514
49.1064,-0.0257,0.1780,2.0819
49.1395,-0.0265,0.1793,2.1054
49.1730,-0.0237,0.1789,2.1145
49.2065,-0.0158,0.1782,2.1128
49.2397,-0.0022,0.1767,2.1046
49.2728,0.0139,0.1760,2.0871
49.3069,0.0334,0.1753,2.0635
49.3399,0.0541,0.1749,2.0336
49.3733,0.0779,0.1733,2.0006
49.4056,0.1039,0.1763,1.9635
49.4425,0.1320,0.1499,1.9258
49.4740,0.1612,5.8909,1.8846
49.5063,0.1918,5.0397,1.8411
49.5398,0.2233,4.3101,1.7966
49.5733,0.2551,3.6903,1.7517
49.6120,0.2869,3.1568,1.7041
49.6395,0.3201,2.7020,1.6601
49.6739,0.3525,2.3213,1.6128
49.7067,0.3854,1.9937,1.5650
49.7396,0.4182,1.7126,1.5160
49.7733,0.4503,1.4750,1.4655
49.8069,0.4828,1.2717,1.4134
49.8397,0.5160,1.0991,1.3649
49.8731,0.5484,0.9550,1.3175
49.9055,0.5809,0.8319,1.2692
49.9400,0.6133,0.7256,1.2197
49.9738,0.6445,0.6330,1.1671
50.0062,0.6749,0.5549,1.1123
50.0403,0.7060,0.4866,1.0595
50.0742,0.7369,0.4253,1.0062
50.1075,0.7690,0.3756,0.9609
50.1401,0.8012,0.3295,0.9125
50.1740,0.8318,0.2928,0.8610
50.2114,0.8623,0.2625,0.8115
50.2408,0.8930,0.2356,0.7609
50.2746,0.9236,0.2148,0.7081
50.3068,0.9543,0.1958,0.6656
50.3405,0.9840,0.1753,0.6245
50.3733,1.0102,0.1546,0.5934
50.4075,1.0308,0.1412,0.5669
50.4454,1.0457,0.1334,0.5419
50.4737,1.0558,0.1282,0.5180
50.5074,1.0598,0.1224,0.4926
50.5408,1.0596,0.1166,0.4684
50.5735,1.0542,0.1109,0.4411
50.6112,1.0447,0.1011,0.4126
50.6407,1.0321,0.1023,0.3841
50.6736,1.0143,0.1050,0.3613
50.7080,0.9950,0.1093,0.3392
50.7406,0.9744,0.1143,0.3190
50.7745,0.9522,0.1173,0.2990
50.8071,0.9295,0.1139,0.2792
50.8476,0.9063,0.1023,0.2595
50.8736,0.8827,0.0893,0.2385
50.9084,0.8586,0.0809,0.2147
50.9414,0.8343,0.0750,0.1945
50.9749,0.8077,0.0717,0.1744
51.0111,0.7799,0.0736,0.1675
51.0448,0.7535,0.0745,0.1559
51.0788,0.7272,0.0748,0.1385
51.1074,0.6989,0.0730,0.1223
51.1410,0.6678,0.0721,0.1218
51.1744,0.6359,0.0719,0.1242
51.2127,0.6038,0.0726,0.1277
51.2405,0.5737,0.0726,0.1350
51.2740,0.5449,0.0713,0.1467
51.3074,0.5204,0.0717,0.1635
51.3410,0.4958,0.0716,0.1844
51.3746,0.4719,0.0731,0.2100
51.4077,0.4486,0.0722,0.2395
51.4420,0.4262,0.0733,0.2743
51.4744,0.4045,0.0759,0.3147
51.5106,0.3829,0.0838,0.3583
51.5409,0.3610,0.0915,0.4020
51.5744,0.3392,0.1000,0.4489
51.6074,0.3173,0.1037,0.4972
51.6407,0.2954,0.1042,0.5474
51.6763,0.2728,0.1076,0.5979
51.7085,0.2510,0.1137,0.6504
51.7424,0.2277,0.1173,0.7005
51.7751,0.2048,0.1185,0.7538
51.8106,0.1827,0.1169,0.8095
51.8462,0.1609,0.1190,0.8658
51.8758,0.1367,0.1204,0.9201
51.9174,0.1129,0.1202,0.9755
51.9417,0.0911,0.1256,1.0336
51.9775,0.0659,0.1292,1.0983
52.0082,0.0364,0.1318,1.1632
52.0412,0.0092,0.1345,1.2379
52.0745,-0.0041,0.1362,1.3032
52.1081,-0.0121,0.1385,1.3646
52.1412,-0.0181,0.1402,1.4223
52.1756,-0.0212,0.1436,1.4805
52.2081,-0.0200,0.1473,1.5417
52.2419,-0.0163,0.1513,1.6034
52.2747,-0.0090,0.1550,1.6676
52.3086,-0.0000,0.1574,1.7321
52.3416,0.0108,0.1615,1.7974
52.3751,0.0236,0.1652,1.8639
52.4080,0.0391,0.1698,1.9367
52.4420,0.0489,0.1743,2.0148
52.4753,0.0523,0.1780,2.0883
52.5083,0.0528,0.1830,2.1564
52.5438,0.0446,0.1849,2.2015
52.5749,0.0354,0.1870,2.2410
52.6104,0.0256,0.1874,2.2692
52.6477,0.0293,0.1905,2.3259
53.5431,0.0198,0.1918,2.3470
53.5777,0.0058,0.1907,2.3456
53.6096,-0.0061,0.1908,2.3380
53.6440,-0.0133,0.1895,2.3298
53.6788,-0.0146,0.1889,2.3154
53.7127,-0.0102,0.1874,2.2942
53.7458,-0.0007,0.1859,2.2684
53.7772,0.0130,0.1831,2.2374
53.8107,0.0294,0.1810,2.2023
53.8462,0.0491,0.1797,2.1643
53.8770,0.0724,0.1785,2.1253
53.9102,0.0973,0.1780,2.0838
53.9441,0.1248,0.1752,2.0418
53.9796,0.1537,0.1489,1.9969
54.0130,0.1846,0.1266,1.9532
54.0463,0.2164,0.1076,1.9092
54.0773,0.2493,0.1193,1.8621
54.1105,0.2819,0.1232,1.8133
54.1435,0.3161,0.1266,1.7660
54.1776,0.3500,0.1297,1.7191
54.2113,0.3839,0.1307,1.6723
54.2443,0.4174,0.1344,1.6239
54.2787,0.4515,0.1368,1.5769
54.3124,0.4843,0.1340,1.5277
54.3441,0.5180,0.1341,1.4820
54.3799,0.5500,0.1312,1.4318
54.4105,0.5836,0.1311,1.3840
54.4444,0.6179,0.1326,1.3365
54.4776,0.6522,0.1331,1.2918
54.5107,0.6855,0.1339,1.2446
54.5463,0.7184,0.1333,1.1990
54.5775,0.7516,0.1303,1.1505
54.6106,0.7854,0.1281,1.1074
54.6443,0.8185,0.1267,1.0586
54.6778,0.8497,0.1261,1.0130
54.7111,0.8824,0.1218,0.9710
54.7446,0.9157,0.1211,0.9278
54.7794,0.9493,0.1211,0.8867
54.8127,0.9813,0.1153,0.8450
54.8443,1.0132,0.1005,0.8038
54.8778,1.0453,0.0859,0.7618
54.9105,1.0774,0.0750,0.7163
54.9453,1.1091,0.0654,0.6777
54.9796,1.1326,0.0574,0.6449
55.0114,1.1535,0.0509,0.6157
55.0445,1.1670,0.0500,0.5847
55.0790,1.1753,0.0522,0.5532
55.1110,1.1775,0.0506,0.5186
55.1445,1.1764,0.0493,0.4865
55.1782,1.1713,0.0558,0.4512
55.2122,1.1640,0.0608,0.4170
55.2448,1.1546,0.0641,0.3866
55.2777,1.1435,0.0665,0.3676
55.3113,1.1310,0.0690,0.3459
55.3458,1.1177,0.0718,0.3233
55.3798,1.1024,0.0744,0.2999
55.4123,1.0856,0.0670,0.2786
55.4466,1.0685,0.0714,0.2547
55.4778,1.0532,0.0810,0.2285
55.5116,1.0330,0.0950,0.2063
55.5471,1.0134,0.1083,0.1829
55.5790,0.9919,0.1208,0.1630
55.6128,0.9745,0.1312,0.1462
55.6447,0.9544,0.1408,0.1288
55.6798,0.9302,0.1445,0.1200
55.7133,0.9038,0.1243,0.1155
55.7465,0.8749,0.1122,0.1175
55.7780,0.8431,0.1071,0.1263
55.8121,0.8150,0.1031,0.1407
55.8458,0.7942,0.1003,0.1503
55.8792,0.7741,0.0975,0.1639
55.9114,0.7547,0.0951,0.1848
55.9468,0.7345,0.0930,0.2079
55.9793,0.7135,0.0910,0.2314
56.0118,0.6939,0.0910,0.2640
56.0449,0.6748,0.0907,0.3001
56.0788,0.6560,0.0921,0.3415
56.1122,0.6366,0.0940,0.3857
56.1466,0.6180,0.0929,0.4309
56.1786,0.5994,0.0909,0.4780
56.2138,0.5804,0.0911,0.5262
56.2465,0.5621,0.0936,0.5763
56.2779,0.5436,0.0965,0.6266
56.3119,0.5253,0.1006,0.6760
56.3470,0.5075,0.1025,0.7290
56.3810,0.4887,0.1057,0.7801
56.4132,0.4705,0.1147,0.8330
56.4451,0.4444,0.1188,0.8886
56.4803,0.4107,0.1198,0.9421
56.5118,0.3768,0.1226,1.0012
56.5476,0.3453,0.1253,1.0629
56.5802,0.3166,0.1317,1.1263
56.6138,0.2940,0.1360,1.1848
56.6460,0.2713,0.1385,1.2453
56.6806,0.2473,0.1399,1.3057
56.7126,0.2258,0.1424,1.3709
56.7478,0.2026,0.1441,1.4349
56.7815,0.1779,0.1476,1.4986
56.8142,0.1543,0.1505,1.5644
56.8481,0.1316,0.1541,1.6322
56.8811,0.1066,0.1570,1.6981
56.9143,0.0819,0.1600,1.7654
56.9476,0.0597,0.1634,1.8330
56.9814,0.0401,0.1680,1.8949
57.0143,0.0180,0.1713,1.9534
58.5159,0.0017,0.1737,2.0059
58.5494,-0.0082,0.1758,2.0440
58.5826,-0.0140,0.1769,2.0698
58.6160,-0.0128,0.1764,2.0800
58.6487,-0.0050,0.1761,2.0762
58.6833,0.0088,0.1750,2.0630
58.7145,0.0264,0.1744,2.0391
58.7502,0.0481,0.1725,2.0098
58.7821,0.0727,0.1718,1.9734
58.8155,0.1012,0.1460,1.9337
58.8495,0.1331,5.8551,1.8894
58.8817,0.1657,5.0055,1.8402
58.9154,0.2010,4.2814,1.7907
58.9477,0.2379,3.6610,1.7371
58.9815,0.2762,3.1284,1.6832
59.0138,0.3154,2.6814,1.6279
59.0473,0.3549,2.2978,1.5710
59.0825,0.3927,1.9717,1.5089
59.1151,0.4322,1.6932,1.4486
59.1476,0.4712,1.4590,1.3886
59.1810,0.5120,1.2601,1.3323
59.2144,0.5528,1.0892,1.2734
59.2494,0.5923,0.9421,1.2127
59.2834,0.6325,0.8170,1.1500
59.3145,0.6728,0.7106,1.0906
59.3486,0.7141,0.6181,1.0326
59.3825,0.7545,0.5356,0.9734
59.4151,0.7950,0.4703,0.9140
59.4479,0.8331,0.4119,0.8493
59.4834,0.8718,0.3647,0.7832
59.5163,0.9100,0.3239,0.7282
59.5489,0.9431,0.2882,0.6840
59.5832,0.9705,0.2586,0.6452
59.6168,0.9926,0.2336,0.6097
59.6495,1.0086,0.2129,0.5744
59.6846,1.0205,0.1944,0.5405
59.7168,1.0299,0.1798,0.5182
59.7490,1.0361,0.1669,0.4979
59.7816,1.0391,0.1543,0.4715
59.8180,1.0398,0.1440,0.4491
59.8513,1.0383,0.1346,0.4248
59.8838,1.0343,0.1245,0.4014
59.9181,1.0291,0.1061,0.3815
59.9508,1.0246,0.0906,0.3672
59.9835,1.0195,0.0844,0.3538
60.0173,1.0132,0.0853,0.3424
60.0505,1.0053,0.0892,0.3231
60.0841,0.9989,0.0916,0.3190
60.1186,0.9904,0.0978,0.3004
60.1508,0.9834,0.0999,0.2997
60.1839,0.9765,0.1018,0.2977
60.2173,0.9693,0.1026,0.2960
60.2498,0.9628,0.1033,0.2946
60.2841,0.9558,0.1028,0.2934
60.3156,0.9439,0.1040,0.2883
60.3509,0.9279,0.0937,0.2959
60.3850,0.9072,0.0894,0.3089
60.4175,0.8830,0.0858,0.3249
60.4514,0.8577,0.0832,0.3423
60.4843,0.8314,0.0833,0.3667
60.5183,0.8073,0.0849,0.3947
60.5515,0.7848,0.0871,0.4287
60.5826,0.7609,0.0870,0.4676
60.6174,0.7357,0.0862,0.5071
60.6505,0.7098,0.0864,0.5459
60.6838,0.6845,0.0876,0.5911
60.7181,0.6586,0.0893,0.6364
60.7497,0.6330,0.0928,0.6844
60.7834,0.6075,0.0959,0.7352
60.8177,0.5821,0.0989,0.7873
60.8506,0.5549,0.1029,0.8358
60.8842,0.5281,0.1145,0.8886
60.9176,0.5007,0.1230,0.9422
60.9510,0.4739,0.1046,0.9970
60.9837,0.4465,0.1091,1.0517
61.0168,0.4190,0.1182,1.1074
61.0510,0.3898,0.1256,1.1608
61.0834,0.3600,5.5231,1.2142
61.1176,0.3321,4.7181,1.2715
61.1511,0.3032,4.0354,1.3257
61.1849,0.2700,3.4527,1.3923
61.2179,0.2345,2.9605,1.4653
61.2510,0.1934,2.5401,1.5322
61.2848,0.1581,2.1846,1.6016
61.3162,0.1289,1.8824,1.6682
61.3511,0.1055,1.6260,1.7299
61.3841,0.0803,1.4085,1.7848
61.4179,0.0615,1.2249,1.8473
61.5519,0.0350,1.0698,1.9036
61.5838,0.0134,0.9378,1.9632
63.2531,-0.0032,0.8261,2.0122
63.2859,-0.0149,0.7309,2.0478
63.3188,-0.0247,0.6500,2.0693
63.3527,-0.0271,0.5800,2.0883
63.3860,-0.0266,0.5191,2.0932
63.4187,-0.0212,0.4674,2.0887
63.4557,-0.0111,0.4236,2.0771
63.4864,0.0027,0.3853,2.0591
63.5191,0.0181,0.3517,2.0338
63.5508,0.0358,0.3240,2.0047
63.5854,0.0543,0.3003,1.9695
63.6194,0.0766,0.2813,1.9348
63.6531,0.1002,0.2391,1.8979
63.6862,0.1258,5.9232,1.8584
63.7221,0.1516,5.0347,1.8168
63.7520,0.1777,4.3048,1.7720
63.7857,0.2052,3.6800,1.7280
63.8186,0.2326,3.1494,1.6817
63.8526,0.2602,2.7004,1.6360
63.8840,0.2884,2.3162,1.5899
63.9185,0.3169,1.9887,1.5439
63.9522,0.3450,1.7091,1.4963
63.9851,0.3731,1.4723,1.4486
64.0176,0.4010,1.2702,1.4023
64.0522,0.4283,1.0977,1.3545
64.0854,0.4560,0.9500,1.3085
64.1189,0.4839,0.8244,1.2633
64.1521,0.5112,0.7173,1.2165
64.1857,0.5375,0.6249,1.1691
64.2190,0.5642,0.5470,1.1219
64.2534,0.5901,0.4810,1.0718
64.2861,0.6154,0.4200,1.0197
64.3189,0.6414,0.3649,0.9733
64.3535,0.6667,0.3168,0.9296
64.3857,0.6932,0.2749,0.8858
64.4199,0.7194,0.2351,0.8417
64.4539,0.7447,0.2020,0.7950
64.4847,0.7701,0.1755,0.7505
64.5198,0.7941,0.1569,0.7041
64.5532,0.8180,0.1433,0.6584
64.5847,0.8430,0.1247,0.6170
64.6205,0.8674,0.1135,0.5793
64.6533,0.8855,0.0983,0.5473
64.6879,0.8973,0.0965,0.5174
64.7198,0.9036,0.0962,0.4933
64.7532,0.9072,0.0938,0.4767
64.7865,0.9071,0.0911,0.4600
64.8200,0.9039,0.0871,0.4471
64.8532,0.8989,0.0824,0.4386
64.8868,0.8928,0.0762,0.4377
64.9197,0.8856,0.0694,0.4419
64.9530,0.8767,0.0619,0.4455
64.9864,0.8671,0.0546,0.4521
65.0201,0.8559,0.0524,0.4602
65.0540,0.8439,0.0534,0.4706
65.0867,0.8306,0.0565,0.4807
65.1198,0.8169,0.0600,0.4927
65.1537,0.8024,0.0627,0.5041
65.1863,0.7880,0.0654,0.5172
65.2203,0.7738,0.0687,0.5318
65.2541,0.7597,0.0729,0.5453
65.2864,0.7448,0.0774,0.5579
65.3203,0.7295,0.0809,0.5719
65.3526,0.7136,0.0822,0.5860
65.3876,0.6982,0.0825,0.6002
65.4206,0.6758,0.0837,0.6144
65.4542,0.6443,0.0850,0.6432
65.4864,0.6135,0.0885,0.6777
65.5208,0.5791,0.0911,0.7118
65.5520,0.5434,0.0953,0.7493
65.5875,0.5172,0.0987,0.7912
65.6191,0.4892,0.1053,0.8373
65.6543,0.4597,0.1103,0.8874
65.6877,0.4282,0.1152,0.9387
65.7219,0.3961,0.1179,0.9924
65.7538,0.3627,0.1215,1.0497
65.7875,0.3279,0.1244,1.1062
65.8210,0.2924,0.1328,1.1649
65.8545,0.2567,0.1348,1.2245
65.8858,0.2196,0.1368,1.2825
65.9205,0.1840,0.1396,1.3465
65.9537,0.1479,0.1410,1.4107
65.9870,0.1101,0.1431,1.4747
66.0209,0.0731,0.1464,1.5423
66.0542,0.0372,0.1498,1.6105
66.0866,-0.0006,0.1518,1.6642
66.1211,-0.0334,0.1549,1.7231
66.2857,-0.0445,0.1602,1.8087
66.3544,-0.0342,0.1672,1.9261
66.3864,-0.0196,0.1732,2.0378
67.4219,-0.0313,0.1750,2.0794
67.4540,-0.0417,0.1775,2.1078
67.4870,-0.0537,0.1777,2.1220
67.5218,-0.0658,0.1779,2.1264
67.5553,-0.0733,0.1783,2.1333
67.5870,-0.0787,0.1776,2.1341
67.6219,-0.0800,0.1772,2.1332
67.6557,-0.0796,0.1767,2.1263
67.6883,-0.0781,0.1759,2.1114
67.7217,-0.0734,0.1748,2.0935
67.7555,-0.0673,0.1734,2.0719
67.7883,-0.0600,0.1725,2.0459
67.8219,-0.0514,0.1714,2.0178
67.8562,-0.0413,0.1692,1.9884
67.8881,-0.0313,0.1672,1.9554
67.9226,-0.0192,0.1641,1.9230
67.9548,-0.0067,0.1632,1.8893
67.9892,0.0069,0.1624,1.8567
68.0221,0.0210,0.1600,1.8218
68.0556,0.0351,0.1578,1.7855
68.0880,0.0492,0.1584,1.7483
68.1221,0.0645,0.1568,1.7135
68.1554,0.0784,0.1561,1.6759
68.1889,0.0920,0.1534,1.6378
68.2211,0.1062,0.1513,1.5998
68.2550,0.1210,0.1495,1.5617
68.2886,0.1369,0.1484,1.5257
68.3237,0.1530,0.1467,1.4898
68.3540,0.1695,0.1454,1.4540
68.3892,0.1851,0.1443,1.4172
68.4229,0.2009,0.1435,1.3802
68.4543,0.2168,0.1425,1.3431
68.4881,0.2324,0.1408,1.3064
68.5225,0.2481,0.1412,1.2700
68.5588,0.2638,0.1381,1.2347
68.5885,0.2792,0.1352,1.1993
68.6232,0.2947,0.1332,1.1646
68.6570,0.3104,0.1310,1.1314
68.6882,0.3262,0.1296,1.0984
68.7225,0.3419,0.1264,1.0636
68.7563,0.3577,0.1225,1.0291
68.7891,0.3735,0.1179,0.9957
68.8236,0.3887,0.1134,0.9622
68.8568,0.4034,0.1090,0.9274
68.8900,0.4154,0.1048,0.8968
68.9227,0.4231,0.1018,0.8739
68.9565,0.4273,0.1001,0.8587
68.9891,0.4295,0.0987,0.8477
69.0234,0.4300,0.0983,0.8405
69.0565,0.4283,0.0988,0.8364
69.0900,0.4227,0.0998,0.8319
69.1238,0.4166,0.1012,0.8330
69.1551,0.4094,0.1022,0.8360
69.1903,0.4035,0.1027,0.8395
69.2238,0.3984,0.1032,0.8425
69.2569,0.3944,0.1036,0.8451
69.2884,0.3911,0.1040,0.8472
69.3230,0.3881,0.1045,0.8481
69.3568,0.3850,0.1046,0.8478
69.3878,0.3815,0.1045,0.8435
69.4243,0.3797,0.1048,0.8409
69.4565,0.3788,0.1051,0.8397
69.4894,0.3781,0.1053,0.8387
69.5240,0.3785,0.1056,0.8399
69.5577,0.3777,0.1058,0.8388
69.5886,0.3782,0.1060,0.8399
69.6236,0.3790,0.1066,0.8409
69.6555,0.3792,0.1067,0.8417
69.6903,0.3791,0.1065,0.8424
69.7221,0.3793,0.1066,0.8430
69.7576,0.3797,0.1071,0.8445
69.7898,0.3800,0.1075,0.8457
69.8235,0.3804,0.1076,0.8478
69.8558,0.3791,0.1075,0.8466
69.8901,0.3780,0.1075,0.8455
69.9237,0.3782,0.1075,0.8466
69.9575,0.3777,0.1075,0.8456
69.9894,0.3780,0.1072,0.8477
70.0237,0.3776,0.1069,0.8475
70.0568,0.3780,0.1068,0.8493
70.0913,0.3783,0.1066,0.8508
70.1246,0.3771,0.1064,0.8501
70.1574,0.3771,0.1063,0.8515
70.1907,0.3772,0.1063,0.8527
70.2247,0.3773,0.1059,0.8547
70.2574,0.3784,0.1067,0.8574
70.2908,0.3789,0.1066,0.8597
70.3242,0.3794,0.1066,0.8616
70.3572,0.3791,0.1065,0.8613
70.3909,0.3796,0.1062,0.8640
70.4244,0.3794,0.1058,0.8643
70.4570,0.3804,0.1060,0.8675
70.4915,0.3804,0.1058,0.8693
70.5241,0.3802,0.1058,0.8698
70.5577,0.3806,0.1056,0.8712
70.5931,0.3803,0.1054,0.8704
70.6236,0.3808,0.1053,0.8727
70.6581,0.3811,0.1052,0.8737
70.6907,0.3815,0.1051,0.8755
70.7232,0.3820,0.1057,0.8760
70.7580,0.3827,0.1059,0.8775
70.7910,0.3837,0.1071,0.8797
70.8243,0.3841,0.1071,0.8806
70.8554,0.3850,0.1081,0.8823
70.8905,0.3850,0.1082,0.8819
70.9246,0.3855,0.1086,0.8815
70.9581,0.3860,0.1090,0.8821
70.9903,0.3869,0.1097,0.8836
71.0238,0.3879,0.1101,0.8859
71.0581,0.3889,0.1107,0.8868
71.0910,0.3898,0.1111,0.8876
71.1241,0.3910,0.1123,0.8883
71.1579,0.3921,0.1129,0.8899
71.1910,0.3929,0.1138,0.8902
71.2225,0.3935,0.1141,0.8896
71.2589,0.3950,0.1152,0.8909
71.2904,0.3958,0.1157,0.8911
71.3242,0.3963,0.1158,0.8903
71.3578,0.3978,0.1166,0.8916
71.3911,0.3991,0.1173,0.8927
71.4221,0.4001,0.1179,0.8936
71.4580,0.4016,0.1187,0.8953
71.4914,0.4007,0.1183,0.8929
71.5243,0.4019,0.1191,0.8938
71.5580,0.4026,0.1194,0.8945
71.5913,0.4030,0.1199,0.8942
71.6251,0.4028,0.1197,0.8929
71.6577,0.4023,0.1191,0.8919
71.6913,0.4029,0.1195,0.8929
71.7245,0.4022,0.1192,0.8909
71.7583,0.4028,0.1195,0.8920
71.7917,0.4023,0.1190,0.8911
71.8249,0.4029,0.1193,0.8923
71.8582,0.4009,0.1181,0.8893
71.8921,0.4013,0.1186,0.8907
71.9249,0.4010,0.1182,0.8900
71.9580,0.4014,0.1186,0.8913
71.9908,0.4012,0.1186,0.8914
72.0242,0.4017,0.1187,0.8935
72.0588,0.4024,0.1191,0.8943
72.0920,0.4027,0.1190,0.8959
72.1253,0.4028,0.1194,0.8963
72.1579,0.4029,0.1196,0.8967
72.1912,0.4036,0.1199,0.8980
72.2236,0.4040,0.1201,0.8981
72.2585,0.4044,0.1202,0.8992
72.2910,0.4047,0.1204,0.8991
72.3251,0.4049,0.1205,0.8990
72.3591,0.4046,0.1205,0.8980
72.3911,0.4042,0.1202,0.8962
72.4254,0.4033,0.1199,0.8937
72.4583,0.4032,0.1200,0.8935
72.4932,0.4037,0.1202,0.8943
72.5251,0.4037,0.1203,0.8949
72.5576,0.4035,0.1204,0.8945
72.5909,0.4029,0.1198,0.8932
72.6242,0.4030,0.1200,0.8940
72.6581,0.4026,0.1198,0.8938
72.6901,0.4027,0.1200,0.8945
72.7236,0.4027,0.1201,0.8942
72.7593,0.4029,0.1203,0.8949
72.7921,0.4014,0.1130,0.8925
73.0582,0.4015,0.1058,0.8915
73.0760,0.4023,0.0980,0.8936
73.1030,0.4026,0.0917,0.8953
73.1339,0.4032,0.0866,0.8958
73.1580,0.4032,0.0825,0.8963
73.1915,0.4037,0.0788,0.8966
73.2251,0.4037,0.0758,0.8970
73.2596,0.4035,0.0737,0.8963
73.2920,0.4039,0.0713,0.8966
73.3258,0.4039,0.0695,0.8969
73.3586,0.4037,0.0682,0.8962
73.3924,0.4036,0.0672,0.8957
73.4241,0.4029,0.0669,0.8942
73.4594,0.4029,0.0660,0.8939
73.4929,0.4035,0.0642,0.8956
73.5257,0.4035,0.0635,0.8961
73.5591,0.4035,0.0628,0.8965
73.5914,0.4039,0.0621,0.8968
73.6264,0.4038,0.0619,0.8961
73.6587,0.4036,0.0618,0.8956
73.6926,0.4040,0.0612,0.8960
73.7253,0.4039,0.0609,0.8964
73.7597,0.4039,0.0607,0.8968
73.7926,0.4037,0.0608,0.8961
73.8251,0.4036,0.0608,0.8955
73.8598,0.4040,0.0604,0.8960
73.8928,0.4044,0.0594,0.8974
73.9263,0.4043,0.0594,0.8976
73.9589,0.4046,0.0592,0.8978
73.9913,0.4044,0.0592,0.8979
74.0264,0.4042,0.0595,0.8971
74.0586,0.4040,0.0597,0.8964
74.0932,0.4033,0.0605,0.8948
74.1260,0.4027,0.0612,0.8934
74.1595,0.4032,0.0607,0.8942
74.1926,0.4037,0.0603,0.8949
74.2263,0.4035,0.0604,0.8945
74.2600,0.4040,0.0595,0.8961
74.2932,0.4035,0.0597,0.8955
74.3264,0.4039,0.0595,0.8960
74.3578,0.4041,0.0595,0.8955
74.3921,0.4040,0.0595,0.8960
74.4265,0.4044,0.0592,0.8964
74.4584,0.4041,0.0595,0.8958
74.4911,0.4046,0.0587,0.8972
74.5262,0.4048,0.0586,0.8974
74.5602,0.4045,0.0590,0.8966
74.5922,0.4042,0.0593,0.8960
74.6267,0.4041,0.0593,0.8964
74.6602,0.4041,0.0593,0.8968
74.6948,0.4035,0.0596,0.8961
74.7261,0.4039,0.0593,0.8965
74.7591,0.4037,0.0596,0.8959
74.7922,0.4036,0.0598,0.8953
74.8255,0.4034,0.0601,0.8949
74.8609,0.4035,0.0599,0.8954
74.8921,0.4040,0.0590,0.8969
74.9248,0.4043,0.0589,0.8972
74.9603,0.4046,0.0587,0.8974
74.9940,0.4049,0.0586,0.8976
75.0274,0.4045,0.0590,0.8968
75.0594,0.4037,0.0599,0.8952
75.0939,0.4037,0.0598,0.8957
75.1255,0.4037,0.0597,0.8962
75.1588,0.4041,0.0594,0.8965
75.1938,0.4040,0.0594,0.8969
75.2261,0.4033,0.0602,0.8952
75.2618,0.4034,0.0601,0.8957
75.2937,0.4027,0.0608,0.8942
75.3282,0.4022,0.0615,0.8930
75.3610,0.4023,0.0614,0.8929
75.3920,0.4024,0.0614,0.8928
75.4256,0.4026,0.0611,0.8937
75.4586,0.4031,0.0606,0.8944
75.4933,0.4032,0.0604,0.8951
75.5279,0.4031,0.0605,0.8947
75.5586,0.4036,0.0601,0.8953
75.5950,0.4036,0.0600,0.8958
75.6288,0.4036,0.0598,0.8962
75.6595,0.4036,0.0597,0.8966
75.6942,0.4035,0.0600,0.8960
75.7283,0.4035,0.0598,0.8964
75.7613,0.4039,0.0602,0.8967
76.0076,0.4039,0.0605,0.8970
76.0278,0.4038,0.0608,0.8973
76.0472,0.4038,0.0610,0.8975
76.0652,0.4043,0.0607,0.8987
76.1755,0.4040,0.0615,0.8977
76.1941,0.4040,0.0609,0.8979
76.2282,0.4029,0.0613,0.8960
76.2754,0.4025,0.0611,0.8955
76.2941,0.4030,0.0603,0.8960
76.3253,0.4025,0.0615,0.8944
76.3598,0.4026,0.0621,0.8951
76.3941,0.4032,0.0616,0.8956
76.4287,0.4031,0.0614,0.8951
76.4610,0.4031,0.0616,0.8947
76.4932,0.4018,0.0637,0.8914
76.5281,0.4021,0.0628,0.8925
76.5612,0.4022,0.0624,0.8925
76.5953,0.4024,0.0621,0.8934
76.6291,0.4025,0.0620,0.8932
76.6633,0.4032,0.0617,0.8950
76.6932,0.4032,0.0611,0.8956
76.7276,0.4033,0.0613,0.8961
76.7602,0.4037,0.0614,0.8965
76.7949,0.4032,0.0619,0.8958
76.8288,0.4038,0.0605,0.8972
76.8605,0.4037,0.0603,0.8975
76.8946,0.4037,0.0604,0.8977
76.9285,0.4037,0.0607,0.8978
76.9625,0.4036,0.0612,0.8970
76.9953,0.4034,0.0610,0.8963
77.0285,0.4029,0.0615,0.8957
77.0602,0.4030,0.0610,0.8961
77.0932,0.4035,0.0609,0.8965
77.1287,0.4034,0.0613,0.8959
77.1618,0.4024,0.0623,0.8944
77.1942,0.4030,0.0623,0.8950
77.2276,0.4035,0.0621,0.8956
77.2598,0.4040,0.0611,0.8970
77.2939,0.4033,0.0615,0.8953
77.3285,0.4026,0.0628,0.8929
77.3623,0.4027,0.0625,0.8938
77.3961,0.4023,0.0623,0.8936
