time,x_m,y_m,z_m
0.7719,0.2958,0.0840,0.7575
0.8057,0.2949,0.0838,0.7575
0.8388,0.2982,0.0811,0.7697
0.8732,0.3019,0.0785,0.7812
0.9076,0.3057,0.0767,0.7899
0.9404,0.3093,0.0748,0.7973
0.9727,0.3127,0.0729,0.8056
1.0072,0.3156,0.0712,0.8127
1.0392,0.3178,0.0697,0.8197
1.0742,0.3206,0.0700,0.8186
1.1058,0.3228,0.0694,0.8197
1.1408,0.3246,0.0691,0.8196
1.1720,0.3250,0.0698,0.8176
1.2070,0.3280,0.0687,0.8198
1.2403,0.3298,0.0676,0.8228
1.2729,0.3333,0.0663,0.8273
1.3073,0.3355,0.0655,0.8291
1.3413,0.3376,0.0646,0.8317
1.3721,0.3392,0.0641,0.8328
1.4066,0.3395,0.0641,0.8318
1.4387,0.3415,0.0633,0.8350
1.4729,0.3435,0.0627,0.8396
1.5073,0.3452,0.0622,0.8436
1.5416,0.3463,0.0617,0.8449
1.5723,0.3473,0.0613,0.8461
1.6067,0.3484,0.0610,0.8491
1.6399,0.3494,0.0607,0.8516
1.6732,0.3507,0.0602,0.8547
1.7066,0.3510,0.0600,0.8545
1.7401,0.3513,0.0598,0.8542
1.7725,0.3521,0.0598,0.8550
1.8062,0.3530,0.0594,0.8576
1.8406,0.3535,0.0594,0.8579
1.8735,0.3540,0.0595,0.8581
1.9062,0.3531,0.0598,0.8553
1.9406,0.3532,0.0595,0.8559
1.9734,0.3535,0.0595,0.8574
2.0068,0.3528,0.0594,0.8557
2.0400,0.3531,0.0594,0.8573
2.0733,0.3524,0.0597,0.8546
2.1065,0.3530,0.0597,0.8553
2.1396,0.3530,0.0596,0.8549
2.1736,0.3517,0.0600,0.8516
2.2066,0.3513,0.0598,0.8508
2.2395,0.3516,0.0597,0.8511
2.2753,0.3512,0.0596,0.8503
2.3075,0.3520,0.0596,0.8517
2.3409,0.3520,0.0596,0.8509
2.3730,0.3523,0.0593,0.8521
2.4071,0.3517,0.0596,0.8502
2.4397,0.3524,0.0596,0.8516
2.4743,0.3530,0.0596,0.8528
2.5074,0.3530,0.0595,0.8528
2.5403,0.3524,0.0595,0.8518
2.5733,0.3523,0.0594,0.8509
2.6071,0.3526,0.0592,0.8522
2.6401,0.3526,0.0592,0.8523
2.6746,0.3528,0.0590,0.8533
2.7073,0.3526,0.0590,0.8523
2.7420,0.3521,0.0590,0.8513
2.7741,0.3517,0.0591,0.8506
2.8073,0.3508,0.0594,0.8489
2.8422,0.3511,0.0593,0.8495
2.8751,0.3514,0.0592,0.8500
2.9086,0.3516,0.0592,0.8504
2.9406,0.3505,0.0596,0.8477
2.9740,0.3502,0.0599,0.8465
3.0075,0.3501,0.0598,0.8464
3.0415,0.3494,0.0600,0.8454
3.0746,0.3494,0.0599,0.8455
3.1070,0.3499,0.0597,0.8466
3.1406,0.3498,0.0597,0.8465
3.1753,0.3497,0.0596,0.8465
3.2070,0.3502,0.0595,0.8474
3.2408,0.3500,0.0594,0.8472
3.2740,0.3505,0.0593,0.8480
3.3082,0.3497,0.0596,0.8468
3.3406,0.3495,0.0599,0.8457
3.3749,0.3502,0.0596,0.8477
3.4101,0.3499,0.0599,0.8465
3.4415,0.3505,0.0596,0.8484
3.4742,0.3490,0.0603,0.8451
3.5080,0.3491,0.0601,0.8452
3.5426,0.3484,0.0605,0.8434
3.5741,0.3484,0.0606,0.8428
3.6084,0.3478,0.0608,0.8413
3.6417,0.3475,0.0609,0.8410
3.6747,0.3476,0.0610,0.8408
3.7074,0.3472,0.0612,0.8396
3.7409,0.3480,0.0608,0.8415
3.7761,0.3489,0.0604,0.8442
3.8078,0.3482,0.0607,0.8425
3.8418,0.3484,0.0604,0.8430
3.8763,0.3492,0.0601,0.8455
3.9083,0.3480,0.0607,0.8426
3.9428,0.3492,0.0606,0.8451
3.9747,0.3499,0.0602,0.8472
4.0079,0.3505,0.0598,0.8491
4.0440,0.3502,0.0601,0.8476
4.0744,0.3500,0.0599,0.8474
4.1077,0.3492,0.0603,0.8452
4.1405,0.3485,0.0606,0.8433
4.1741,0.3488,0.0603,0.8447
4.2081,0.3487,0.0605,0.8440
4.2432,0.3481,0.0607,0.8423
4.2749,0.3477,0.0608,0.8419
4.3080,0.3478,0.0609,0.8415
4.3410,0.3476,0.0606,0.8422
4.3740,0.3486,0.0602,0.8448
4.4079,0.3485,0.0604,0.8440
4.4412,0.3486,0.0602,0.8443
4.4766,0.3494,0.0599,0.8466
4.5085,0.3499,0.0597,0.8475
4.5420,0.3504,0.0596,0.8483
4.5750,0.3495,0.0600,0.8460
4.6086,0.3488,0.0603,0.8440
4.6421,0.3483,0.0605,0.8433
4.6751,0.3490,0.0602,0.8447
4.7086,0.3490,0.0601,0.8449
4.7430,0.3489,0.0603,0.8441
4.7754,0.3483,0.0606,0.8424
4.8085,0.3477,0.0608,0.8410
4.8423,0.3479,0.0606,0.8417
4.8759,0.3487,0.0603,0.8434
4.9083,0.3498,0.0602,0.8458
4.9431,0.3501,0.0601,0.8458
4.9749,0.3502,0.0599,0.8469
5.0085,0.3500,0.0598,0.8468
5.0417,0.3499,0.0597,0.8467
5.0751,0.3503,0.0596,0.8476
5.1086,0.3495,0.0600,0.8454
5.1418,0.3500,0.0598,0.8465
5.1756,0.3496,0.0603,0.8444
5.2087,0.3494,0.0605,0.8437
5.2439,0.3499,0.0602,0.8450
5.2777,0.3503,0.0600,0.8462
5.3085,0.3502,0.0599,0.8462
5.3440,0.3500,0.0598,0.8462
5.3753,0.3499,0.0597,0.8462
5.4093,0.3497,0.0600,0.8452
5.4418,0.3491,0.0602,0.8443
5.4753,0.3489,0.0603,0.8436
5.5096,0.3497,0.0600,0.8459
5.5425,0.3495,0.0602,0.8450
5.5751,0.3494,0.0601,0.8451
5.6094,0.3489,0.0602,0.8443
5.6438,0.3488,0.0604,0.8436
5.6763,0.3484,0.0602,0.8440
5.7098,0.3473,0.0609,0.8413
5.7440,0.3476,0.0606,0.8420
5.7753,0.3472,0.0608,0.8406
5.8091,0.3469,0.0609,0.8404
5.8465,0.3480,0.0605,0.8433
5.8766,0.3483,0.0602,0.8447
5.9089,0.3481,0.0607,0.8429
5.9433,0.3483,0.0605,0.8434
5.9760,0.3485,0.0603,0.8438
6.0094,0.3497,0.0602,0.8461
6.0423,0.3490,0.0604,0.8451
6.0782,0.3485,0.0605,0.8443
6.1092,0.3488,0.0603,0.8456
6.1424,0.3487,0.0604,0.8446
6.1759,0.3493,0.0602,0.8459
6.2098,0.3493,0.0600,0.8459
6.2462,0.3493,0.0599,0.8459
6.2778,0.3493,0.0598,0.8460
6.3125,0.3493,0.0597,0.8460
6.3424,0.3487,0.0600,0.8450
6.3760,0.3481,0.0603,0.8432
6.4086,0.3483,0.0601,0.8436
6.4448,0.3483,0.0603,0.8430
6.4769,0.3484,0.0602,0.8435
6.5099,0.3485,0.0600,0.8439
6.5449,0.3487,0.0599,0.8442
6.5775,0.3487,0.0598,0.8445
6.6097,0.3488,0.0597,0.8447
6.6429,0.3494,0.0596,0.8459
6.6780,0.3489,0.0598,0.8450
6.7098,0.3484,0.0601,0.8441
6.7431,0.3478,0.0604,0.8424
6.7764,0.3473,0.0607,0.8410
6.8104,0.3471,0.0608,0.8408
6.8434,0.3479,0.0605,0.8426
6.8793,0.3476,0.0606,0.8421
6.9109,0.3478,0.0604,0.8427
6.9436,0.3480,0.0602,0.8432
6.9769,0.3475,0.0605,0.8416
7.0100,0.3471,0.0608,0.8403
7.0430,0.3480,0.0605,0.8422
7.0770,0.3487,0.0602,0.8438
7.1112,0.3493,0.0600,0.8451
7.1434,0.3474,0.0617,0.8402
7.1771,0.3476,0.0614,0.8411
7.2097,0.3486,0.0609,0.8439
7.2440,0.3487,0.0606,0.8442
7.2777,0.3484,0.0604,0.8445
7.3104,0.3490,0.0602,0.8457
7.3429,0.3485,0.0603,0.8448
7.3771,0.3492,0.0601,0.8460
7.4105,0.3497,0.0599,0.8470
7.4444,0.3484,0.0606,0.8439
7.4771,0.3485,0.0604,0.8442
7.5107,0.3492,0.0601,0.8455
7.5435,0.3499,0.0598,0.8476
7.5788,0.3498,0.0597,0.8473
7.6105,0.3492,0.0600,0.8462
7.6466,0.3492,0.0599,0.8462
7.6774,0.3493,0.0597,0.8471
7.7106,0.3485,0.0596,0.8470
7.7441,0.3452,0.0600,0.8478
7.7781,0.3428,0.0594,0.8535
7.8114,0.3405,0.0583,0.8592
7.8442,0.3389,0.0583,0.8612
7.8781,0.3401,0.0585,0.8589
7.9111,0.3473,0.0611,0.8570
7.9452,0.3570,0.0641,0.8514
7.9785,0.3686,0.0645,0.8457
8.0112,0.3823,0.0643,0.8357
8.0441,0.3979,0.0557,0.8231
8.0778,0.4149,0.0599,0.8092
8.1110,0.4331,0.0644,0.7942
8.1449,0.4515,0.0669,0.7771
8.1781,0.4711,0.0689,0.7604
8.2111,0.4917,0.0726,0.7430
8.2440,0.5129,0.0774,0.7259
8.2781,0.5352,0.0750,0.7080
8.3115,0.5570,0.0638,0.6894
8.3449,0.5788,0.0542,0.6701
8.3796,0.6020,0.0787,0.6513
8.4113,0.6250,0.1006,0.6331
8.4446,0.6488,0.1198,0.6140
8.4783,0.6721,0.1362,0.5966
8.5116,0.6954,0.1492,0.5842
8.5453,0.7151,0.1603,0.5737
8.5781,0.7324,0.1697,0.5647
8.6106,0.7475,0.1777,0.5571
8.6446,0.7603,0.1854,0.5483
8.6783,0.7703,0.1932,0.5371
8.7103,0.7779,0.2005,0.5251
8.7451,0.7843,0.2068,0.5150
8.7785,0.7893,0.2125,0.5051
8.8117,0.7931,0.2177,0.4955
8.8442,0.7963,0.2224,0.4860
8.8790,0.7981,0.2270,0.4768
8.9118,0.7992,0.2315,0.4677
8.9453,0.8001,0.2356,0.4586
8.9803,0.8004,0.2389,0.4522
9.0117,0.7997,0.2427,0.4430
9.0439,0.7991,0.2460,0.4351
9.0785,0.7982,0.2493,0.4272
9.1139,0.7964,0.2527,0.4179
9.1454,0.7949,0.2557,0.4099
9.1811,0.7936,0.2582,0.4032
9.2119,0.7916,0.2608,0.3962
9.2456,0.7898,0.2633,0.3889
9.2787,0.7884,0.2654,0.3827
9.3126,0.7861,0.2677,0.3749
9.3442,0.7842,0.2697,0.3682
9.3797,0.7803,0.2675,0.3778
9.4124,0.7673,0.2273,0.4053
9.4471,0.7453,0.2059,0.4552
9.4787,0.7172,0.1886,0.5110
9.5124,0.6850,0.1629,0.5806
9.5460,0.6504,0.1495,0.6627
9.5791,0.6122,0.1452,0.7472
9.6113,0.5719,0.1476,0.8379
9.6448,0.5294,0.1599,0.9332
9.6788,0.4852,0.1720,1.0310
9.7129,0.4410,0.1462,1.1330
9.7459,0.3960,0.1482,1.2355
9.7792,0.3512,0.1502,1.3381
9.8119,0.3076,0.1535,1.4444
9.8457,0.2623,0.1573,1.5503
9.8788,0.2170,0.1621,1.6571
9.9124,0.1746,0.1652,1.7525
9.9461,0.1358,0.1684,1.8412
9.9792,0.1070,0.1728,1.9247
10.0116,0.0824,0.1757,1.9987
10.0456,0.0641,0.1787,2.0671
10.3465,0.0406,0.1801,2.1060
10.3795,0.0143,0.1808,2.1264
10.4127,-0.0084,0.1807,2.1320
10.4478,-0.0296,0.1814,2.1260
10.4791,-0.0281,0.1808,2.1224
10.5131,-0.0211,0.1801,2.1152
10.5467,-0.0119,0.1796,2.0956
10.5800,0.0005,0.1772,2.0667
10.6122,0.0186,0.1768,2.0362
10.6459,0.0389,0.1502,2.0001
10.6798,0.0615,0.1277,1.9596
10.7131,0.0860,0.1086,1.9155
10.7470,0.1118,0.1303,1.8665
10.7799,0.1390,0.1458,1.8155
10.8125,0.1674,0.1539,1.7629
10.8462,0.1969,0.1562,1.7078
10.8797,0.2272,0.1555,1.6538
10.9134,0.2588,0.1518,1.5990
10.9470,0.2900,0.1487,1.5431
10.9801,0.3218,0.1440,1.4867
11.0126,0.3548,0.1388,1.4304
11.0454,0.3872,0.1340,1.3740
11.0803,0.4193,0.1243,1.3179
11.1134,0.4508,0.1155,1.2610
11.1474,0.4825,0.1064,1.2040
11.1802,0.5128,0.0947,1.1466
11.2120,0.5442,0.0805,1.0885
11.2457,0.5751,0.0929,1.0318
11.2795,0.6061,0.1073,0.9726
11.3127,0.6372,0.1216,0.9132
11.3470,0.6684,0.1353,0.8581
11.3797,0.6992,0.1490,0.8029
11.4131,0.7298,0.1402,0.7461
11.4458,0.7612,0.1321,0.6929
11.4796,0.7934,0.1257,0.6412
11.5137,0.8192,0.1214,0.5880
11.5472,0.8310,0.1167,0.5546
11.5805,0.8295,0.1339,0.5449
11.6135,0.8133,0.1406,0.5553
11.6460,0.7903,0.1268,0.5992
11.6798,0.7609,0.1234,0.6736
11.7139,0.7255,0.1268,0.7689
11.7478,0.6846,0.1271,0.8580
11.7804,0.6379,0.1392,0.9484
11.8132,0.5876,0.1602,1.0465
11.8475,0.5347,0.1362,1.1579
11.8807,0.4829,0.1406,1.2756
11.9141,0.4293,0.1462,1.3897
11.9468,0.3738,0.1510,1.5008
11.9804,0.3192,0.1581,1.6207
12.0123,0.2643,0.1620,1.7216
12.0471,0.2164,0.1659,1.8166
12.6476,0.1693,0.1679,1.8673
12.6805,0.1341,0.1687,1.9077
12.7151,0.1096,0.1696,1.9305
12.7476,0.0946,0.1696,1.9376
12.7815,0.0870,0.1685,1.9318
12.8161,0.0860,0.1684,1.9164
12.8478,0.0901,0.1672,1.8905
12.8801,0.1000,0.1421,1.8602
12.9148,0.1133,0.1554,1.8213
12.9477,0.1307,0.1659,1.7795
12.9812,0.1512,0.1748,1.7336
13.0150,0.1741,0.1743,1.6842
13.0484,0.1992,0.1726,1.6329
13.0813,0.2258,0.1678,1.5773
13.1142,0.2536,0.1573,1.5206
13.1481,0.2824,0.1456,1.4633
13.1814,0.3121,0.1311,1.4036
13.2142,0.3419,0.1174,1.3439
13.2478,0.3720,0.1134,1.2839
13.2809,0.4028,0.1100,1.2214
13.3144,0.4335,0.1091,1.1603
13.3488,0.4627,0.1053,1.0960
13.3818,0.4924,0.0940,1.0337
13.4151,0.5235,0.1000,0.9719
13.4473,0.5545,0.1177,0.9079
13.4813,0.5850,0.1348,0.8476
13.5149,0.6159,0.1521,0.7866
13.5486,0.6473,0.1682,0.7272
13.5816,0.6790,0.1833,0.6690
13.6147,0.7104,0.1671,0.6089
13.6475,0.7367,0.1526,0.5524
13.6810,0.7457,0.1739,0.5112
13.7146,0.7403,0.1861,0.4943
13.7477,0.7215,0.1721,0.4995
13.7823,0.6932,0.1584,0.5384
13.8162,0.6564,0.1367,0.6020
13.8479,0.6126,0.1255,0.6808
13.8815,0.5630,0.1242,0.7576
13.9143,0.5075,0.1350,0.8361
13.9490,0.4471,0.1363,0.9210
13.9834,0.3866,0.1399,1.0159
14.0147,0.3285,0.1425,1.1221
14.0491,0.2696,0.1463,1.2274
14.0818,0.2056,0.1500,1.3253
14.1152,0.1408,0.1530,1.4118
14.1481,0.0844,0.1556,1.4985
14.9476,0.0435,0.1586,1.5919
14.9822,0.0315,0.1603,1.6696
15.0166,0.0242,0.1627,1.7290
15.0497,0.0231,0.1639,1.7686
15.0821,0.0287,0.1636,1.7916
15.1164,0.0384,0.1645,1.7988
15.1549,0.0529,0.1652,1.7939
15.1830,0.0711,0.1404,1.7792
15.2163,0.0918,0.1536,1.7550
15.2507,0.1162,0.1660,1.7257
15.2831,0.1425,0.1756,1.6899
15.3160,0.1705,0.1781,1.6478
15.3491,0.2006,0.1732,1.6028
15.3826,0.2314,0.1686,1.5533
15.4154,0.2630,0.1612,1.5002
15.4499,0.2955,0.1516,1.4469
15.4834,0.3281,0.1398,1.3896
15.5160,0.3611,0.1333,1.3348
15.5494,0.3942,0.1255,1.2772
15.5818,0.4262,0.1218,1.2137
15.6159,0.4590,0.1123,1.1548
15.6513,0.4916,0.0978,1.0955
15.6822,0.5240,0.0982,1.0323
15.7152,0.5574,0.1119,0.9696
15.7497,0.5907,0.1264,0.9095
15.7837,0.6236,0.1409,0.8502
15.8160,0.6571,0.1560,0.7900
15.8512,0.6900,0.1704,0.7302
15.8822,0.7225,0.1578,0.6728
15.9151,0.7549,0.1478,0.6122
15.9490,0.7833,0.1400,0.5593
15.9842,0.7940,0.1623,0.5157
16.0176,0.7882,0.1796,0.4866
16.0492,0.7646,0.1628,0.4696
16.0831,0.7282,0.1537,0.4773
16.1160,0.6822,0.1459,0.5152
16.1495,0.6255,0.1275,0.5812
16.1854,0.5624,0.1376,0.6768
16.2174,0.4983,0.1432,0.7967
16.2510,0.4270,0.1441,0.9083
16.2827,0.3514,0.1450,1.0160
16.3178,0.2714,0.1463,1.1225
16.3498,0.1869,0.1473,1.2209
16.3836,0.1162,0.1502,1.3278
17.1507,0.0753,0.1545,1.4544
17.1834,0.0356,0.1576,1.5474
17.2165,0.0061,0.1597,1.6205
17.2505,-0.0077,0.1613,1.6692
17.2840,-0.0082,0.1637,1.7127
17.3172,-0.0041,0.1643,1.7386
17.3511,0.0061,0.1643,1.7506
17.3846,0.0206,0.1632,1.7513
17.4171,0.0378,0.1387,1.7400
17.4502,0.0564,0.1473,1.7179
17.4837,0.0770,0.1549,1.6851
17.5168,0.1027,0.1631,1.6519
17.5504,0.1294,0.1671,1.6126
17.5838,0.1580,0.1677,1.5691
17.6169,0.1877,0.1621,1.5238
17.6548,0.2174,0.1543,1.4759
17.6866,0.2473,0.1412,1.4228
17.7164,0.2787,0.1262,1.3726
17.7501,0.3103,0.1120,1.3193
17.7890,0.3420,0.1020,1.2658
17.8208,0.3736,0.1002,1.2090
17.8500,0.4052,0.1004,1.1507
17.8838,0.4357,0.0989,1.0920
17.9184,0.4662,0.0966,1.0314
17.9500,0.4966,0.0851,0.9700
17.9841,0.5284,0.1006,0.9109
18.0191,0.5580,0.1198,0.8513
18.0512,0.5881,0.1397,0.7897
18.0862,0.6184,0.1578,0.7324
18.1174,0.6495,0.1741,0.6773
18.1508,0.6790,0.1890,0.6240
18.1880,0.6930,0.2037,0.5760
18.2172,0.6876,0.1731,0.5338
18.2510,0.6656,0.1595,0.5097
18.2857,0.6255,0.1504,0.5004
18.3194,0.5720,0.1448,0.5161
18.3505,0.5069,0.1231,0.5624
18.3848,0.4333,0.1263,0.6338
18.4175,0.3579,0.1338,0.7424
18.4509,0.2812,0.1357,0.8737
18.4846,0.2073,0.1409,1.0235
18.5174,0.1296,0.1427,1.1426
18.6840,0.0787,0.1478,1.2840
18.7509,0.0321,0.1511,1.3943
18.7849,-0.0067,0.1539,1.4898
18.8176,-0.0375,0.1564,1.5723
18.8505,-0.0561,0.1606,1.6490
18.8911,-0.0688,0.1631,1.7191
18.9181,-0.0828,0.1640,1.7791
18.9516,-0.0935,0.1657,1.8296
18.9849,-0.0970,0.1664,1.8739
19.0185,-0.1050,0.1671,1.9151
19.0513,-0.0923,0.1700,1.9524
19.0848,-0.0828,0.1722,1.9832
19.1181,-0.0749,0.1742,2.0145
19.1516,-0.0712,0.1749,2.0406
19.1845,-0.0691,0.1750,2.0695
19.2179,-0.0703,0.1763,2.0937
19.2518,-0.0719,0.1778,2.1182
19.2842,-0.0742,0.1790,2.1433
19.3203,-0.0766,0.1805,2.1693
19.3516,-0.0773,0.1815,2.1955
19.3851,-0.0633,0.1850,2.2475
19.8188,-0.0705,0.1831,2.2174
19.8516,-0.0763,0.1815,2.1974
19.8852,-0.0709,0.1807,2.1793
19.9180,-0.0598,0.1790,2.1527
19.9535,-0.0466,0.1772,2.1161
19.9850,-0.0292,0.1756,2.0730
20.0188,-0.0075,0.1737,2.0281
20.0515,0.0164,0.1476,1.9788
20.0888,0.0424,0.1625,1.9252
20.1238,0.0702,0.1716,1.8684
20.1537,0.1006,0.1793,1.8098
20.1857,0.1318,0.1766,1.7476
20.2188,0.1651,0.1731,1.6876
20.2531,0.1981,0.1685,1.6238
20.2859,0.2319,0.1599,1.5601
20.3199,0.2659,0.1469,1.4953
20.3519,0.3004,0.1342,1.4316
20.3907,0.3350,0.1251,1.3677
20.4185,0.3696,0.1190,1.3042
20.4527,0.4036,0.1155,1.2397
20.4858,0.4373,0.1108,1.1759
20.5190,0.4706,0.1014,1.1113
20.5523,0.5045,0.0972,1.0457
20.5862,0.5379,0.1098,0.9810
20.6186,0.5706,0.1259,0.9168
20.6518,0.6038,0.1430,0.8491
20.6870,0.6376,0.1592,0.7854
20.7191,0.6712,0.1740,0.7237
20.7527,0.7038,0.1602,0.6607
20.7877,0.7324,0.1486,0.6086
20.8212,0.7425,0.1710,0.5562
20.8547,0.7403,0.1868,0.5210
20.8868,0.7238,0.1689,0.4988
20.9214,0.6973,0.1587,0.5057
20.9533,0.6639,0.1351,0.5372
20.9897,0.6236,0.1212,0.5962
21.0191,0.5773,0.1164,0.6775
21.0522,0.5289,0.1254,0.7712
21.0864,0.4756,0.1368,0.8544
21.1195,0.4202,0.1386,0.9359
21.1525,0.3600,0.1178,1.0127
21.1852,0.3010,0.1203,1.0969
21.2209,0.2441,0.1264,1.1903
21.2529,0.1897,0.1324,1.2883
21.2856,0.1342,0.1380,1.3780
21.3196,0.0753,0.1429,1.4501
21.3531,0.0200,0.1458,1.5114
21.9870,-0.0002,0.1495,1.6042
22.0204,-0.0170,0.1548,1.6933
22.0532,-0.0265,0.1569,1.7339
22.0867,-0.0269,0.1598,1.7762
22.1206,-0.0213,0.1615,1.7999
22.1540,-0.0096,0.1619,1.8089
22.1884,0.0054,0.1612,1.8024
22.2204,0.0245,0.1370,1.7886
22.2543,0.0461,0.1495,1.7617
22.2870,0.0726,0.1602,1.7301
22.3208,0.1017,0.1686,1.6929
22.3535,0.1319,0.1687,1.6489
22.3867,0.1647,0.1660,1.6007
22.4216,0.1978,0.1623,1.5476
22.4533,0.2326,0.1549,1.4929
22.4874,0.2683,0.1407,1.4348
22.5200,0.3041,0.1294,1.3785
22.5533,0.3391,0.1225,1.3171
22.5872,0.3754,0.1165,1.2564
22.6204,0.4117,0.1138,1.1951
22.6548,0.4471,0.1071,1.1329
22.6888,0.4836,0.0954,1.0694
22.7205,0.5194,0.1062,1.0046
22.7571,0.5555,0.1215,0.9403
22.7868,0.5915,0.1367,0.8764
22.8229,0.6276,0.1528,0.8123
22.8540,0.6631,0.1686,0.7465
22.8873,0.6983,0.1557,0.6815
22.9209,0.7338,0.1457,0.6236
22.9547,0.7565,0.1356,0.5717
22.9876,0.7602,0.1595,0.5262
23.0206,0.7451,0.1356,0.4915
23.0539,0.7133,0.1282,0.4698
23.0874,0.6711,0.1216,0.4833
23.1211,0.6147,0.1172,0.5213
23.1552,0.5485,0.1013,0.5872
23.1868,0.4772,0.0861,0.6880
23.2204,0.4018,0.0933,0.8209
23.2545,0.3296,0.1041,0.9749
23.2869,0.2533,0.1133,1.1203
23.3214,0.1741,0.1219,1.2379
24.0216,0.1260,0.1306,1.3811
24.0550,0.0916,0.1394,1.5006
24.0879,0.0592,0.1440,1.5804
24.1228,0.0409,0.1485,1.6448
24.1545,0.0348,0.1521,1.6929
24.1878,0.0338,0.1543,1.7193
24.2226,0.0391,0.1560,1.7321
24.2571,0.0497,0.1569,1.7300
24.2879,0.0656,0.1698,1.7190
24.3221,0.0843,0.1736,1.6970
24.3550,0.1062,0.1782,1.6647
24.3881,0.1316,0.1852,1.6291
24.4227,0.1587,0.1829,1.5861
24.4553,0.1873,0.1747,1.5382
24.4882,0.2167,0.1634,1.4857
24.5217,0.2471,0.1489,1.4311
24.5550,0.2793,0.1312,1.3753
24.5889,0.3123,0.1166,1.3208
24.6216,0.3456,0.1124,1.2633
24.6549,0.3781,0.1090,1.2009
24.6888,0.4112,0.1069,1.1367
24.7218,0.4453,0.1037,1.0738
24.7551,0.4796,0.0908,1.0126
24.7892,0.5140,0.1049,0.9495
24.8218,0.5485,0.1230,0.8865
24.8552,0.5814,0.1420,0.8209
24.8908,0.6149,0.1599,0.7576
24.9223,0.6496,0.1767,0.6935
24.9554,0.6841,0.1916,0.6352
24.9882,0.7153,0.1735,0.5761
25.0215,0.7334,0.1930,0.5231
25.0601,0.7361,0.2102,0.4753
25.0885,0.7237,0.1787,0.4388
25.1224,0.6976,0.1897,0.4118
25.3705,0.6603,0.1933,0.4097
25.4001,0.5457,0.1709,0.6545
25.4327,0.4312,0.1619,0.8552
25.7014,0.3428,0.1475,1.0573
25.7314,0.2671,0.1364,1.2263
25.9043,0.2051,0.1261,1.3709
25.9210,0.1584,0.1131,1.5001
25.9511,0.1158,0.1080,1.6036
25.9818,0.0825,0.1004,1.6943
26.0129,0.0555,0.0901,1.7710
26.0444,0.0307,0.0835,1.8354
26.0795,0.0123,0.0758,1.8928
26.0980,-0.0024,0.0673,1.9453
26.1262,-0.0157,0.0598,1.9949
26.1568,-0.0272,0.0542,2.0412
26.1910,-0.0375,0.0476,2.0852
26.4574,-0.0509,0.0421,2.1109
26.4905,-0.0588,0.0401,2.1158
26.5255,-0.0607,0.0592,2.1082
26.5580,-0.0629,0.0790,2.0978
26.5900,-0.0526,0.0743,2.0728
26.6243,-0.0357,0.0703,2.0398
26.6567,-0.0147,0.0667,1.9971
26.6907,0.0132,0.0628,1.9501
26.7265,0.0433,0.0597,1.8953
26.7570,0.0772,0.0578,1.8367
26.7906,0.1135,0.0562,1.7754
26.8237,0.1520,0.0542,1.7097
26.8577,0.1916,0.0542,1.6403
26.8923,0.2325,0.0527,1.5701
26.9261,0.2738,0.0528,1.4979
26.9580,0.3164,0.0508,1.4268
26.9906,0.3591,0.0521,1.3526
27.0261,0.4015,0.0498,1.2779
27.0580,0.4444,0.0505,1.2011
27.0908,0.4873,0.0502,1.1264
27.1246,0.5305,0.0512,1.0497
27.1580,0.5729,0.0533,0.9740
27.1906,0.6149,0.0530,0.8978
27.2246,0.6577,0.0533,0.8243
27.2571,0.7010,0.0568,0.7503
27.2903,0.7425,0.0594,0.6794
27.3271,0.7682,0.0709,0.6109
27.3579,0.7753,0.0849,0.5622
27.3936,0.7643,0.1012,0.5326
27.5068,0.7158,0.1035,0.5447
27.5346,0.6353,0.1161,0.6310
27.5591,0.5486,0.1197,0.7577
27.6775,0.4529,0.1287,0.9558
28.2246,0.3618,0.1108,1.1420
28.2589,0.2908,0.1224,1.2895
28.2932,0.2299,0.1299,1.3992
28.3274,0.1841,0.1355,1.4812
28.3603,0.1607,0.1403,1.5458
28.3931,0.1481,0.1425,1.5883
28.4254,0.1458,0.1449,1.6117
28.4589,0.1511,0.1232,1.6179
28.4933,0.1642,0.1047,1.6098
28.5271,0.1828,0.1085,1.5920
28.5596,0.2073,0.1150,1.5640
28.5922,0.2361,0.1225,1.5278
28.6259,0.2678,0.1235,1.4850
28.6586,0.3020,0.1255,1.4381
28.6918,0.3384,0.1274,1.3866
28.7256,0.3775,0.1303,1.3340
28.7591,0.4172,0.1279,1.2747
28.7932,0.4577,0.1253,1.2127
28.8259,0.4979,0.1232,1.1468
28.8584,0.5403,0.1228,1.0835
28.8937,0.5836,0.1236,1.0177
28.9263,0.6258,0.1222,0.9493
28.9585,0.6691,0.1226,0.8804
28.9945,0.7136,0.1174,0.8121
29.0277,0.7592,0.1129,0.7451
29.0588,0.7987,0.1084,0.6803
29.0922,0.8210,0.1059,0.6213
29.1262,0.8266,0.1016,0.5750
29.1589,0.8146,0.0982,0.5409
29.1926,0.7878,0.0988,0.5283
29.2264,0.7492,0.0970,0.5411
29.2598,0.7018,0.0996,0.5869
29.2945,0.6449,0.1050,0.6540
29.3256,0.5853,0.1111,0.7594
29.3604,0.5194,0.1234,0.8916
29.3928,0.4548,0.1289,1.0222
29.4260,0.3854,0.1349,1.1389
29.4591,0.3090,0.1393,1.2446
29.4938,0.2315,0.1447,1.3428
29.5280,0.1571,0.1463,1.4309
30.0947,0.1181,0.1343,1.5559
30.1258,0.0899,0.1402,1.6600
30.1619,0.0628,0.1470,1.7342
30.1948,0.0502,0.1533,1.7889
30.2266,0.0459,0.1571,1.8213
30.2603,0.0488,0.1610,1.8379
30.2930,0.0581,0.1606,1.8392
30.3271,0.0729,0.1615,1.8288
30.3601,0.0927,0.1372,1.8095
30.3945,0.1164,0.1167,1.7796
30.4280,0.1445,0.1249,1.7461
30.4606,0.1754,0.1293,1.7046
30.4929,0.2091,0.1353,1.6583
30.5288,0.2439,0.1366,1.6066
30.5597,0.2803,0.1372,1.5566
30.5936,0.3171,0.1353,1.5007
30.6279,0.3556,0.1361,1.4424
30.6612,0.3954,0.1396,1.3859
30.6950,0.4349,0.1358,1.3263
30.7274,0.4751,0.1327,1.2653
30.7537,0.5159,0.1300,1.2038
30.8289,0.5635,0.1313,1.1330
30.8611,0.6096,0.1275,1.0610
30.8943,0.6543,0.1249,0.9895
30.9279,0.6998,0.1238,0.9195
30.9604,0.7447,0.1197,0.8539
30.9945,0.7882,0.1121,0.7858
31.0272,0.8292,0.0993,0.7176
31.0601,0.8546,0.0975,0.6556
31.0964,0.8625,0.0960,0.5948
31.1270,0.8512,0.0946,0.5418
31.1602,0.8225,0.0943,0.4980
31.1941,0.7748,0.0919,0.4675
31.2279,0.7108,0.0924,0.4608
31.2603,0.6283,0.0979,0.4858
31.2931,0.5325,0.1006,0.5530
31.3268,0.4259,0.1052,0.6648
31.3607,0.3186,0.1136,0.8308
31.3946,0.2357,0.1210,0.9982
31.4276,0.1819,0.1308,1.1684
31.4609,0.1563,0.1411,1.3579
31.4938,0.1394,0.1490,1.5229
31.5276,0.1151,0.1549,1.6425
31.5612,0.0831,0.1589,1.7251
31.5944,0.0462,0.1615,1.7746
31.6276,0.0076,0.1630,1.7990
31.6600,-0.0322,0.1621,1.8044
31.6940,-0.0710,0.1623,1.7957
31.7275,-0.1064,0.1624,1.7776
31.7613,-0.1367,0.1613,1.7539
31.7943,-0.1579,0.1607,1.7345
31.8286,-0.1571,0.1618,1.7568
31.8610,-0.1502,0.1625,1.7817
31.8940,-0.1351,0.1633,1.8115
31.9275,-0.1131,0.1654,1.8471
31.9612,-0.0921,0.1677,1.8804
31.9952,-0.0823,0.1694,1.8931
32.0282,-0.0885,0.1686,1.8936
32.0942,-0.0794,0.1695,1.9129
32.1277,-0.0682,0.1713,1.9392
32.1609,-0.0779,0.1715,1.9367
32.1947,-0.0882,0.1716,1.9393
32.2286,-0.0967,0.1715,1.9497
32.2615,-0.0937,0.1716,1.9695
32.2940,-0.0898,0.1745,1.9937
32.3285,-0.0899,0.1765,2.0123
32.3611,-0.0941,0.1779,2.0243
32.3949,-0.0933,0.1752,2.0559
32.4281,-0.0941,0.1724,2.0828
32.4616,-0.0973,0.1727,2.0997
32.4942,-0.0973,0.1611,2.1240
32.5281,-0.0974,0.1435,2.1526
32.8616,-0.0952,0.1317,2.1793
32.8949,-0.0908,0.1403,2.1833
32.9284,-0.0835,0.1480,2.1916
32.9616,-0.0742,0.1535,2.1814
32.9952,-0.0588,0.1575,2.1616
33.0286,-0.0421,0.1603,2.1294
33.0613,-0.0200,0.1618,2.0925
33.0949,0.0055,0.1626,2.0490
33.1290,0.0330,0.1638,1.9972
33.1616,0.0629,0.1393,1.9409
33.1958,0.0955,0.1447,1.8813
33.2292,0.1295,0.1446,1.8194
33.2620,0.1654,0.1462,1.7559
33.2952,0.2020,0.1481,1.6917
33.3286,0.2391,0.1460,1.6258
33.3623,0.2764,0.1449,1.5578
33.3958,0.3148,0.1427,1.4909
33.4285,0.3529,0.1417,1.4227
33.4628,0.3918,0.1384,1.3556
33.4959,0.4292,0.1341,1.2854
33.5294,0.4660,0.1306,1.2158
33.5618,0.5026,0.1263,1.1431
33.5954,0.5405,0.1235,1.0760
33.6290,0.5778,0.1248,1.0068
33.6632,0.6144,0.1231,0.9365
33.6949,0.6511,0.1204,0.8671
33.7285,0.6885,0.1182,0.7995
33.7620,0.7248,0.1144,0.7356
33.7960,0.7502,0.1123,0.6775
33.8296,0.7619,0.1039,0.6280
33.8621,0.7626,0.0995,0.5962
33.8959,0.7514,0.1002,0.5897
33.9287,0.7346,0.1005,0.6120
33.9628,0.7082,0.1021,0.6580
33.9977,0.6777,0.1070,0.7352
34.0292,0.6428,0.1124,0.8351
34.0627,0.6057,0.1278,0.9629
34.0956,0.5669,0.1363,1.0827
34.1290,0.5231,0.1407,1.1908
34.1633,0.4765,0.1460,1.2940
34.1959,0.4287,0.1503,1.3964
34.2300,0.3815,0.1561,1.5013
34.2641,0.3371,0.1608,1.6136
34.2966,0.2990,0.1685,1.7386
34.3289,0.2590,0.1727,1.8462
34.3633,0.2190,0.1773,1.9349
34.3968,0.1879,0.1814,2.0196
34.4299,0.1601,0.1848,2.0913
34.4635,0.1364,0.1884,2.1548
34.4956,0.1157,0.1917,2.2092
34.9298,0.0886,0.1900,2.2182
34.9629,0.0680,0.1895,2.2266
34.9979,0.0483,0.1887,2.2151
35.0302,0.0399,0.1881,2.1965
35.0633,0.0383,0.1864,2.1682
35.0959,0.0430,0.1861,2.1337
35.1307,0.0533,0.1826,2.0942
35.1634,0.0673,0.1805,2.0483
35.1972,0.0855,0.1802,1.9988
35.2306,0.1066,5.8838,1.9447
35.2644,0.1318,5.0012,1.8896
35.2976,0.1593,4.2718,1.8325
35.3303,0.1878,3.6531,1.7732
35.3646,0.2187,3.1307,1.7152
35.3972,0.2501,2.6833,1.6527
35.4304,0.2827,2.3008,1.5903
35.4640,0.3161,1.9758,1.5277
35.4978,0.3505,1.6993,1.4670
35.5315,0.3843,1.4656,1.4050
35.5639,0.4191,1.2649,1.3452
35.5966,0.4535,1.0914,1.2794
35.6302,0.4882,0.9444,1.2187
35.6632,0.5222,0.8194,1.1530
35.6974,0.5564,0.7124,1.0866
35.7319,0.5915,0.6249,1.0247
35.7646,0.6267,0.5501,0.9621
35.7965,0.6607,0.4859,0.9008
35.8309,0.6961,0.4317,0.8404
35.8636,0.7303,0.3834,0.7818
35.8974,0.7652,0.3393,0.7245
35.9307,0.7900,0.3024,0.6719
35.9642,0.8003,0.2709,0.6335
35.9972,0.7940,0.2412,0.6034
36.0314,0.7743,0.2200,0.5981
36.0645,0.7435,0.2001,0.6148
36.0969,0.7030,0.1877,0.6603
36.1313,0.6548,0.1799,0.7329
36.1689,0.5990,0.1745,0.8293
36.1964,0.5408,0.1484,0.9565
36.2313,0.4810,0.1507,1.0849
36.2692,0.4136,0.1530,1.2006
36.2979,0.3413,0.1554,1.3137
36.3314,0.2659,0.1581,1.4223
36.3648,0.2014,0.1600,1.5284
36.9318,0.1588,0.1476,1.6537
36.9995,0.1274,0.1531,1.7316
37.0322,0.1026,0.1571,1.8006
37.0656,0.0804,0.1598,1.8338
37.0983,0.0755,0.1626,1.8591
37.1312,0.0761,0.1645,1.8647
37.1653,0.0849,0.1645,1.8589
37.1988,0.0999,0.1680,1.8418
37.2312,0.1196,0.1428,1.8142
37.2648,0.1434,0.1214,1.7768
37.2986,0.1703,0.1246,1.7326
37.3323,0.2014,0.1287,1.6842
37.3648,0.2345,0.1325,1.6345
37.3977,0.2694,0.1337,1.5796
37.4323,0.3055,0.1334,1.5218
37.4652,0.3433,0.1339,1.4620
37.4982,0.3818,0.1366,1.3999
37.5317,0.4205,0.1338,1.3363
37.5655,0.4595,0.1294,1.2690
37.5984,0.4968,0.1272,1.1988
37.6313,0.5361,0.1253,1.1288
37.6642,0.5765,0.1275,1.0639
37.6987,0.6159,0.1261,0.9942
37.7321,0.6559,0.1257,0.9246
37.7658,0.6960,0.1237,0.8546
37.7980,0.7361,0.1179,0.7876
37.8319,0.7657,0.1142,0.7256
37.8648,0.7773,0.1069,0.6676
37.8986,0.7742,0.1024,0.6222
37.9316,0.7557,0.1017,0.5986
37.9647,0.7240,0.1000,0.5963
37.9999,0.6793,0.1011,0.6185
38.0328,0.6263,0.1062,0.6699
38.0654,0.5644,0.1141,0.7499
38.0982,0.4994,0.1212,0.8654
38.1320,0.4369,0.1267,1.0084
38.1685,0.3739,0.1346,1.1619
38.2002,0.3062,0.1419,1.3032
38.2326,0.2331,0.1484,1.4193
38.8663,0.1839,0.1332,1.5537
38.9012,0.1449,0.1409,1.6534
38.9346,0.1164,0.1476,1.7286
38.9685,0.0869,0.1518,1.7712
39.0011,0.0783,0.1558,1.8063
39.0348,0.0799,0.1601,1.8242
39.0678,0.0891,0.1613,1.8271
39.1011,0.1047,0.1636,1.8181
39.1346,0.1278,0.1390,1.8005
39.1667,0.1559,0.1479,1.7726
39.2016,0.1891,0.1502,1.7352
39.2349,0.2249,0.1516,1.6941
39.2680,0.2630,0.1495,1.6487
39.3014,0.3030,0.1500,1.6001
39.3347,0.3443,0.1499,1.5457
39.3683,0.3863,0.1467,1.4891
39.4023,0.4307,0.1432,1.4309
39.4353,0.4759,0.1431,1.3719
39.4687,0.5222,0.1406,1.3108
39.5025,0.5683,0.1393,1.2484
39.5356,0.6141,0.1362,1.1845
39.5685,0.6604,0.1341,1.1209
39.6014,0.7070,0.1319,1.0541
39.6352,0.7536,0.1293,0.9894
39.6670,0.8005,0.1222,0.9230
39.7032,0.8439,0.1083,0.8570
39.7359,0.8766,0.0970,0.7971
39.7690,0.8957,0.0963,0.7400
39.8026,0.9038,0.0978,0.7014
39.8358,0.8989,0.1012,0.6757
39.8690,0.8822,0.1058,0.6776
39.9028,0.8551,0.1073,0.7012
39.9359,0.8198,0.1155,0.7568
39.9700,0.7761,0.1204,0.8412
40.0031,0.7282,0.1259,0.9569
40.0357,0.6785,0.1339,1.1071
40.0696,0.6296,0.1436,1.2869
40.1017,0.5805,0.1541,1.4662
40.1376,0.5209,0.1615,1.6165
40.1687,0.4671,0.1677,1.7576
40.2017,0.4210,0.1731,1.8777
40.2365,0.3827,0.1792,1.9856
40.2709,0.3509,0.1843,2.0770
40.3032,0.3235,0.1889,2.1553
40.3369,0.2996,0.1926,2.2207
40.3686,0.2789,0.1952,2.2748
40.4011,0.2613,0.1965,2.3190
40.4368,0.2444,0.1976,2.3544
40.4682,0.2293,0.1990,2.3839
40.5043,0.2144,0.2003,2.4066
40.5375,0.2023,0.2011,2.4280
40.5716,0.1907,0.2020,2.4448
40.6027,0.1801,0.2027,2.4583
40.6363,0.1687,0.2029,2.4670
40.6708,0.1549,0.2039,2.4628
40.7018,0.1446,0.2045,2.4636
40.7346,0.1333,0.2047,2.4581
40.7707,0.1234,0.2048,2.4534
40.8030,0.1145,0.2047,2.4484
40.8350,0.1067,0.2045,2.4454
40.8706,0.0995,0.2042,2.4414
40.9035,0.0911,0.2026,2.4341
40.9355,0.0795,0.2027,2.4215
40.9679,0.0655,0.2013,2.4087
41.0017,0.0499,0.1990,2.3988
41.0373,0.0347,0.1967,2.3850
41.0694,0.0189,0.1822,2.3795
41.1028,0.0053,0.1710,2.3729
41.1348,-0.0073,0.1565,2.3699
41.1699,-0.0184,0.1448,2.3692
41.2027,-0.0256,0.1423,2.3726
41.2695,-0.0317,0.1411,2.3763
41.3372,-0.0412,0.1276,2.3647
41.3700,-0.0480,0.1364,2.3401
41.4016,-0.0461,0.1443,2.3068
41.4372,-0.0538,0.1488,2.2648
41.4709,-0.0565,0.1531,2.2098
41.5041,-0.0423,0.1553,2.1656
41.5374,-0.0248,0.1554,2.1146
41.5715,-0.0034,0.1564,2.0596
41.6041,0.0205,0.1594,1.9980
41.6360,0.0478,5.6927,1.9341
41.6706,0.0770,4.8625,1.8656
41.7047,0.1084,4.1550,1.7964
41.7361,0.1419,3.5596,1.7238
41.7712,0.1774,3.0519,1.6522
41.8038,0.2131,2.6130,1.5794
41.8380,0.2495,2.2396,1.5083
41.8706,0.2861,1.9217,1.4365
41.9040,0.3237,1.6503,1.3645
41.9371,0.3611,1.4205,1.2919
41.9713,0.3972,1.2227,1.2151
42.0045,0.4343,1.0557,1.1414
42.0354,0.4717,0.9117,1.0680
42.0712,0.5099,0.7915,0.9965
42.1045,0.5476,0.6874,0.9241
42.1380,0.5849,0.5960,0.8504
42.1712,0.6224,0.5172,0.7802
42.2043,0.6573,0.4515,0.7166
42.2352,0.6747,0.3966,0.6587
42.2715,0.6737,0.3512,0.6014
42.3043,0.6613,0.3166,0.5710
42.3374,0.6351,0.2834,0.5575
42.3718,0.5978,0.2553,0.5714
42.4038,0.5521,0.2365,0.6116
42.4384,0.4979,0.2246,0.6801
42.4718,0.4404,0.2136,0.7799
42.5048,0.3832,0.2041,0.9059
42.5385,0.3273,0.1983,1.0390
42.5718,0.2634,0.1934,1.1572
42.6038,0.1951,0.1914,1.2695
42.6372,0.1244,0.1868,1.3623
43.3718,0.0943,0.1834,1.4976
43.4047,0.0713,0.1824,1.5873
43.4383,0.0551,0.1835,1.6690
43.4715,0.0481,0.1825,1.7255
43.5054,0.0479,0.1817,1.7592
43.5395,0.0551,0.1798,1.7764
43.5716,0.0678,0.1776,1.7786
43.6031,0.0843,0.1779,1.7668
43.6390,0.1053,5.8601,1.7463
43.6717,0.1305,5.0083,1.7158
43.7052,0.1595,4.2787,1.6795
43.7398,0.1908,3.6602,1.6369
43.7731,0.2233,3.1356,1.5906
43.8057,0.2574,2.6850,1.5391
43.8375,0.2934,2.3025,1.4866
43.8706,0.3303,1.9770,1.4303
43.9061,0.3673,1.7014,1.3721
43.9375,0.4033,1.4650,1.3080
43.9717,0.4406,1.2614,1.2449
44.0057,0.4785,1.0896,1.1834
44.0383,0.5166,0.9419,1.1177
44.0733,0.5544,0.8181,1.0512
44.1059,0.5912,0.7142,0.9811
44.1396,0.6288,0.6249,0.9158
44.1734,0.6673,0.5490,0.8520
44.2064,0.7045,0.4816,0.7841
44.2395,0.7384,0.4232,0.7200
44.2749,0.7528,0.3689,0.6629
44.3047,0.7484,0.3241,0.6207
44.3395,0.7240,0.2915,0.5949
44.3731,0.6830,0.2619,0.5885
44.4042,0.6305,0.2404,0.6107
44.4398,0.5635,0.2230,0.6669
44.4729,0.4899,0.2098,0.7518
44.5080,0.4106,0.2008,0.8655
44.5417,0.3296,0.1959,1.0050
44.5726,0.2498,0.1929,1.1495
45.4061,0.2010,0.1778,1.3233
45.4381,0.1649,0.1798,1.4684
45.4717,0.1372,0.1824,1.5858
45.5075,0.1160,0.1825,1.6681
45.5402,0.1069,0.1824,1.7309
45.5738,0.1035,0.1808,1.7712
45.6055,0.1079,0.1794,1.7954
45.6407,0.1171,0.1783,1.8048
45.6742,0.1299,0.1765,1.8002
45.7070,0.1468,0.1500,1.7847
45.7399,0.1689,0.1275,1.7634
45.7741,0.1940,0.1356,1.7349
45.8065,0.2209,0.1396,1.6998
45.8405,0.2496,0.1421,1.6578
45.8739,0.2795,0.1434,1.6164
45.9069,0.3104,0.1442,1.5718
45.9402,0.3424,0.1418,1.5240
45.9744,0.3751,0.1401,1.4722
46.0080,0.4086,0.1392,1.4190
46.0408,0.4414,0.1411,1.3625
46.0752,0.4745,0.1366,1.3037
46.1086,0.5093,0.1338,1.2480
46.1403,0.5444,0.1308,1.1940
46.1747,0.5793,0.1302,1.1351
46.2080,0.6132,0.1317,1.0725
46.2412,0.6469,0.1313,1.0128
46.2742,0.6814,0.1268,0.9520
46.3073,0.7162,0.1250,0.8946
46.3410,0.7515,0.1239,0.8376
46.3746,0.7858,0.1183,0.7794
46.4061,0.8118,0.1134,0.7262
46.4402,0.8224,0.1124,0.6847
46.4744,0.8180,0.1110,0.6614
46.5100,0.8024,0.1090,0.6578
46.5395,0.7783,0.1089,0.6802
46.5784,0.7433,0.1098,0.7236
46.6110,0.7045,0.1120,0.7774
46.6411,0.6608,0.1152,0.8248
46.6785,0.6113,0.1228,0.8726
46.7119,0.5574,0.1286,0.9246
46.7455,0.5027,0.1309,0.9826
46.7785,0.4484,0.1338,1.0485
46.8075,0.3901,0.1351,1.1057
46.8432,0.3329,0.1366,1.1638
46.8758,0.2750,0.1381,1.2208
46.9072,0.2192,0.1413,1.2810
46.9420,0.1631,0.1424,1.3398
46.9786,0.1055,0.1451,1.3953
47.0091,0.0476,0.1477,1.4497
47.0441,-0.0072,0.1498,1.4963
47.0754,-0.0590,0.1519,1.5370
47.6074,-0.0592,0.1535,1.6676
47.6404,-0.0595,0.1527,1.7768
47.6749,-0.0596,0.1536,1.8684
47.7089,-0.0599,0.1527,1.9440
47.7417,-0.0604,0.1510,2.0037
47.7761,-0.0630,0.1455,2.0474
47.8427,-0.0765,0.1487,2.0629
47.8757,-0.0667,0.1537,2.0732
47.9091,-0.0513,0.1579,2.0701
47.9424,-0.0326,0.1621,2.0512
47.9763,-0.0092,0.1627,2.0241
48.0082,0.0174,0.1633,1.9882
48.0407,0.0468,0.1388,1.9438
48.0740,0.0795,0.1180,1.8938
48.1090,0.1133,0.1203,1.8361
48.1424,0.1497,0.1245,1.7742
48.1757,0.1874,0.1323,1.7124
48.2072,0.2253,0.1333,1.6465
48.2409,0.2645,0.1325,1.5819
48.2762,0.3038,0.1319,1.5139
48.3088,0.3436,0.1336,1.4467
48.3407,0.3835,0.1316,1.3760
48.3774,0.4232,0.1281,1.3056
48.4087,0.4615,0.1251,1.2309
48.4425,0.5014,0.1225,1.1592
48.4750,0.5414,0.1216,1.0864
48.5084,0.5801,0.1217,1.0088
48.5419,0.6194,0.1203,0.9358
48.5768,0.6580,0.1175,0.8628
48.6098,0.6966,0.1148,0.7920
48.6406,0.7226,0.1115,0.7280
48.6743,0.7314,0.1065,0.6774
48.7074,0.7239,0.1049,0.6406
48.7425,0.7041,0.1040,0.6355
48.7743,0.6719,0.1023,0.6497
48.8093,0.6312,0.1020,0.6975
48.8437,0.5812,0.1064,0.7710
48.8741,0.5272,0.1116,0.8715
48.9102,0.4694,0.1173,0.9739
48.9419,0.4065,0.1221,1.0684
48.9765,0.3401,0.1272,1.1604
49.0080,0.2708,0.1333,1.2535
49.0427,0.2015,0.1401,1.3523
49.0757,0.1379,0.1457,1.4497
49.7419,0.1047,0.1515,1.5642
49.7753,0.0897,0.1567,1.6561
49.8103,0.0849,0.1600,1.7232
49.8426,0.0874,0.1617,1.7661
49.8747,0.0981,0.1637,1.7906
49.9106,0.1148,0.1655,1.8023
49.9420,0.1377,0.1663,1.8014
49.9754,0.1656,0.1771,1.7915
50.0089,0.1976,0.1816,1.7699
50.0441,0.2325,0.1807,1.7406
50.0759,0.2709,0.1766,1.7042
50.1086,0.3105,0.1728,1.6658
50.1422,0.3496,0.1709,1.6191
50.1767,0.3917,0.1678,1.5720
50.2087,0.4348,0.1638,1.5220
50.2434,0.4775,0.1578,1.4666
50.2773,0.5231,0.1521,1.4136
50.3099,0.5683,0.1514,1.3590
50.3424,0.6134,0.1494,1.3018
50.3754,0.6583,0.1470,1.2447
50.4113,0.7042,0.1460,1.1845
50.4450,0.7491,0.1426,1.1241
50.4768,0.7940,0.1407,1.0590
50.5098,0.8406,0.1382,1.0015
50.5440,0.8865,0.1352,0.9403
50.5767,0.9316,0.1283,0.8753
50.6109,0.9674,0.1254,0.8261
50.6440,0.9866,0.1214,0.7911
50.6755,0.9895,0.1228,0.7781
50.7089,0.9789,0.1246,0.7967
50.7426,0.9573,0.1287,0.8426
50.7767,0.9247,0.1315,0.9091
50.8105,0.8853,0.1345,0.9909
50.8447,0.8374,0.1363,1.0637
50.8762,0.7900,0.1408,1.1473
50.9092,0.7382,0.1470,1.2363
50.9421,0.6823,0.1511,1.3319
50.9783,0.6263,0.1529,1.4370
51.0116,0.5691,0.1569,1.5402
51.0444,0.5106,0.1612,1.6414
51.0756,0.4501,0.1681,1.7456
51.1097,0.3922,0.1733,1.8459
51.1440,0.3355,0.1772,1.9304
51.1760,0.2839,0.1810,2.0132
51.3109,0.2485,0.1857,2.1073
52.1110,0.1884,0.1823,2.1147
52.1449,0.1532,0.1810,2.1038
52.1792,0.1224,0.1813,2.1001
52.2106,0.1034,0.1813,2.0840
52.2439,0.0936,0.1791,2.0563
52.2772,0.0913,0.1764,2.0191
52.3104,0.0962,0.1732,1.9745
52.3437,0.1084,0.1473,1.9263
52.3795,0.1237,0.1252,1.8687
52.4128,0.1444,0.1289,1.8087
52.4466,0.1690,0.1320,1.7481
52.4768,0.1964,0.1122,1.6820
52.5099,0.2262,0.1191,1.6152
52.5453,0.2570,0.1194,1.5462
52.5798,0.2899,0.1203,1.4784
52.6127,0.3239,0.1201,1.4084
52.6452,0.3586,0.1185,1.3378
52.6771,0.3930,0.1188,1.2682
52.7119,0.4281,0.1170,1.1960
52.7457,0.4629,0.1161,1.1242
52.7789,0.4977,0.1123,1.0522
52.8105,0.5336,0.1128,0.9820
52.8441,0.5694,0.1092,0.9093
52.8787,0.6053,0.1050,0.8391
52.9120,0.6401,0.0981,0.7654
52.9445,0.6620,0.0949,0.7053
52.9803,0.6628,0.0959,0.6568
53.0111,0.6450,0.0978,0.6243
53.0458,0.6134,0.0965,0.6146
53.0771,0.5695,0.0992,0.6340
53.1106,0.5135,0.1013,0.6773
53.1437,0.4502,0.1066,0.7428
53.1800,0.3831,0.1136,0.8366
53.2110,0.3117,0.1189,0.9254
53.2441,0.2350,0.1233,1.0088
53.2773,0.1540,0.1274,1.0900
53.3106,0.0680,0.1275,1.1600
53.8801,0.0460,0.1213,1.3419
53.9134,0.0279,0.1182,1.4971
53.9463,0.0132,0.1177,1.6306
53.9785,0.0022,0.1244,1.7472
54.6454,-0.0050,0.1323,1.8146
54.6801,-0.0119,0.1400,1.8699
54.7137,-0.0179,0.1462,1.9026
54.7466,-0.0168,0.1507,1.9227
54.7798,-0.0105,0.1548,1.9310
54.8138,-0.0006,0.1579,1.9282
54.8450,0.0123,0.1581,1.9154
54.8803,0.0284,0.1594,1.8973
54.9141,0.0457,0.1583,1.8710
54.9476,0.0667,0.1346,1.8419
54.9813,0.0891,5.7800,1.8076
55.0143,0.1139,4.9130,1.7692
55.0461,0.1403,4.1959,1.7289
55.0803,0.1677,3.5887,1.6865
55.1142,0.1950,3.0742,1.6421
55.1472,0.2235,2.6399,1.5994
55.1790,0.2518,2.2669,1.5527
55.2145,0.2803,1.9459,1.5045
55.2484,0.3089,1.6745,1.4539
55.2813,0.3372,1.4436,1.4050
55.3123,0.3661,1.2466,1.3541
55.3457,0.3948,1.0792,1.3046
55.3813,0.4236,0.9353,1.2552
55.4136,0.4519,0.8147,1.2039
55.4460,0.4808,0.7090,1.1525
55.4808,0.5091,0.6190,1.1038
55.5143,0.5374,0.5424,1.0522
55.5467,0.5648,0.4759,1.0009
55.5818,0.5927,0.4211,0.9485
55.6146,0.6172,0.3763,0.9018
55.6482,0.6360,0.3364,0.8632
55.6807,0.6487,0.3004,0.8326
55.7137,0.6576,0.2693,0.8099
55.7475,0.6648,0.2430,0.7928
55.7793,0.6675,0.2215,0.7771
55.8147,0.6700,0.2034,0.7649
55.8462,0.6712,0.1883,0.7545
55.8806,0.6731,0.1756,0.7467
55.9150,0.6744,0.1652,0.7412
55.9464,0.6741,0.1565,0.7332
55.9826,0.6736,0.1492,0.7297
56.0150,0.6723,0.1434,0.7268
56.0499,0.6695,0.1388,0.7231
56.0817,0.6663,0.1346,0.7201
56.1130,0.6628,0.1309,0.7174
56.1475,0.6595,0.1272,0.7163
56.1811,0.6558,0.1240,0.7153
56.2152,0.6518,0.1209,0.7134
56.2484,0.6476,0.1180,0.7128
56.2801,0.6433,0.1151,0.7123
56.3146,0.6383,0.1120,0.7119
56.3491,0.6333,0.1092,0.7105
56.3821,0.6281,0.1066,0.7093
56.4150,0.6233,0.1044,0.7082
56.4481,0.6184,0.1021,0.7073
56.4799,0.6129,0.0994,0.7055
56.5145,0.6083,0.0975,0.7050
56.5471,0.6040,0.0959,0.7046
56.5827,0.6004,0.0946,0.7043
56.6155,0.5965,0.0934,0.7039
56.6487,0.5927,0.0924,0.7037
56.6815,0.5891,0.0913,0.7035
56.7159,0.5860,0.0903,0.7033
56.7478,0.5834,0.0895,0.7031
56.7823,0.5816,0.0891,0.7030
56.8141,0.5793,0.0884,0.7029
56.8489,0.5781,0.0882,0.7028
56.8802,0.5759,0.0877,0.7027
56.9163,0.5702,0.0887,0.7058
56.9479,0.5612,0.0902,0.7127
56.9815,0.5462,0.0908,0.7206
57.0146,0.5275,0.0931,0.7283
57.0468,0.5091,0.0955,0.7379
57.0813,0.4900,0.0974,0.7492
57.1152,0.4695,0.0987,0.7597
57.1483,0.4466,0.1023,0.7696
57.1824,0.4256,0.1080,0.7830
57.2168,0.4069,0.1136,0.7964
57.2525,0.3904,0.1184,0.8088
57.2830,0.3766,0.1225,0.8183
57.3155,0.3647,0.1259,0.8254
57.3497,0.3550,0.1289,0.8314
57.3854,0.3468,0.1313,0.8365
57.4141,0.3401,0.1334,0.8409
57.4474,0.3346,0.1352,0.8456
57.4805,0.3302,0.1364,0.8486
57.5152,0.3263,0.1370,0.8502
57.5481,0.3222,0.1378,0.8515
57.5820,0.3195,0.1382,0.8526
57.6163,0.3176,0.1385,0.8536
57.6490,0.3176,0.1373,0.8525
57.6809,0.3180,0.1362,0.8515
57.7152,0.3184,0.1353,0.8506
57.7485,0.3183,0.1346,0.8499
57.7806,0.3180,0.1335,0.8483
57.8158,0.3180,0.1330,0.8480
57.8482,0.3179,0.1326,0.8477
57.8823,0.3179,0.1323,0.8474
57.9157,0.3175,0.1320,0.8472
57.9486,0.3171,0.1317,0.8470
57.9827,0.3168,0.1315,0.8468
58.0149,0.3158,0.1320,0.8467
58.0483,0.3153,0.1321,0.8466
58.0807,0.3149,0.1322,0.8465
58.1157,0.3145,0.1323,0.8464
58.1488,0.3138,0.1327,0.8463
58.1825,0.3132,0.1330,0.8463
58.2155,0.3127,0.1333,0.8462
58.2489,0.3123,0.1336,0.8462
58.2822,0.3119,0.1338,0.8461
58.3161,0.3116,0.1340,0.8461
58.3489,0.3113,0.1341,0.8460
58.3818,0.3111,0.1342,0.8460
58.4157,0.3109,0.1343,0.8460
58.4486,0.3108,0.1344,0.8460
58.4828,0.3106,0.1345,0.8460
58.5167,0.3105,0.1346,0.8460
58.5500,0.3104,0.1346,0.8459
58.5830,0.3103,0.1347,0.8459
58.6153,0.3102,0.1347,0.8459
58.6497,0.3102,0.1347,0.8459
58.6826,0.3101,0.1348,0.8459
58.7163,0.3101,0.1348,0.8459
58.7483,0.3102,0.1349,0.8469
58.7831,0.3102,0.1349,0.8468
58.8160,0.3101,0.1349,0.8466
58.8482,0.3101,0.1349,0.8465
58.8826,0.3100,0.1349,0.8464
58.9164,0.3100,0.1349,0.8463
58.9489,0.3100,0.1349,0.8463
58.9835,0.3100,0.1349,0.8462
59.0148,0.3099,0.1349,0.8462
59.0486,0.3099,0.1349,0.8461
59.0829,0.3099,0.1349,0.8461
59.1172,0.3099,0.1349,0.8461
59.1497,0.3099,0.1349,0.8460
59.1834,0.3099,0.1349,0.8460
59.2156,0.3099,0.1349,0.8460
59.2494,0.3099,0.1349,0.8460
59.2827,0.3099,0.1349,0.8460
59.3162,0.3099,0.1349,0.8460
59.3503,0.3099,0.1349,0.8459
59.3828,0.3099,0.1349,0.8459
59.4150,0.3099,0.1349,0.8459
59.4484,0.3099,0.1349,0.8459
59.4822,0.3099,0.1349,0.8459
59.5165,0.3097,0.1345,0.8449
59.5495,0.3099,0.1347,0.8461
59.5841,0.3099,0.1347,0.8460
59.6162,0.3099,0.1348,0.8460
59.6497,0.3099,0.1348,0.8460
59.6823,0.3099,0.1348,0.8460
59.7167,0.3099,0.1348,0.8460
59.7505,0.3099,0.1348,0.8460
59.7831,0.3099,0.1349,0.8459
59.8167,0.3099,0.1349,0.8459
59.8500,0.3100,0.1350,0.8469
59.8836,0.3100,0.1350,0.8468
59.9181,0.3100,0.1350,0.8466
59.9505,0.3099,0.1350,0.8465
59.9835,0.3101,0.1350,0.8474
60.0166,0.3101,0.1350,0.8472
60.0486,0.3102,0.1351,0.8480
60.0824,0.3101,0.1351,0.8477
60.1159,0.3097,0.1354,0.8474
60.1487,0.3097,0.1354,0.8472
60.1836,0.3093,0.1357,0.8470
60.2166,0.3094,0.1356,0.8468
60.2494,0.3095,0.1355,0.8467
60.2829,0.3095,0.1354,0.8466
60.3160,0.3090,0.1361,0.8474
60.3511,0.3091,0.1359,0.8472
60.3832,0.3092,0.1358,0.8470
60.4179,0.3093,0.1357,0.8468
60.4500,0.3092,0.1352,0.8457
60.4841,0.3093,0.1351,0.8457
60.5178,0.3094,0.1351,0.8458
60.5513,0.3095,0.1351,0.8458
60.5845,0.3097,0.1351,0.8468
60.6157,0.3097,0.1351,0.8467
60.6507,0.3097,0.1351,0.8465
60.6823,0.3097,0.1351,0.8464
60.7171,0.3098,0.1350,0.8464
60.7491,0.3098,0.1350,0.8463
60.7841,0.3098,0.1350,0.8462
60.8174,0.3098,0.1350,0.8462
60.8506,0.3098,0.1350,0.8461
60.8847,0.3098,0.1350,0.8461
60.9161,0.3098,0.1350,0.8461
60.9515,0.3098,0.1350,0.8460
60.9836,0.3098,0.1350,0.8460
61.0160,0.3098,0.1350,0.8460
61.0494,0.3098,0.1350,0.8460
61.0824,0.3098,0.1350,0.8460
61.1179,0.3098,0.1350,0.8460
61.1496,0.3100,0.1350,0.8469
61.1840,0.3100,0.1350,0.8468
61.2161,0.3099,0.1350,0.8466
61.2508,0.3099,0.1350,0.8465
61.2839,0.3099,0.1350,0.8464
61.3178,0.3099,0.1350,0.8464
61.3507,0.3099,0.1350,0.8463
61.3841,0.3099,0.1350,0.8462
61.4165,0.3099,0.1350,0.8462
61.4506,0.3092,0.1342,0.8441
61.4842,0.3093,0.1343,0.8444
61.5161,0.3088,0.1344,0.8436
61.5513,0.3090,0.1345,0.8440
61.5851,0.3091,0.1345,0.8442
61.6174,0.3094,0.1347,0.8455
61.6515,0.3094,0.1347,0.8455
61.6851,0.3095,0.1347,0.8456
61.7179,0.3095,0.1348,0.8456
61.7515,0.3096,0.1348,0.8457
61.7837,0.3096,0.1348,0.8457
61.8180,0.3097,0.1348,0.8457
61.8501,0.3098,0.1349,0.8468
61.8842,0.3098,0.1349,0.8466
61.9173,0.3098,0.1349,0.8465
61.9503,0.3098,0.1349,0.8464
61.9862,0.3098,0.1349,0.8463
62.0178,0.3097,0.1345,0.8453
62.0517,0.3097,0.1346,0.8454
62.0852,0.3097,0.1347,0.8454
62.1179,0.3097,0.1347,0.8455
62.1523,0.3098,0.1347,0.8456
62.1836,0.3098,0.1348,0.8456
62.2189,0.3098,0.1348,0.8457
62.2517,0.3098,0.1348,0.8457
62.2858,0.3098,0.1348,0.8457
62.3179,0.3098,0.1349,0.8457
62.3528,0.3098,0.1349,0.8458
62.3843,0.3098,0.1349,0.8458
62.4195,0.3098,0.1349,0.8458
62.4540,0.3098,0.1349,0.8458
62.4861,0.3098,0.1349,0.8458
62.5190,0.3098,0.1349,0.8458
62.5504,0.3098,0.1349,0.8458
62.5856,0.3098,0.1349,0.8459
62.6183,0.3098,0.1349,0.8459
62.6517,0.3098,0.1349,0.8459
62.6853,0.3098,0.1349,0.8459
62.7199,0.3098,0.1349,0.8459
62.7522,0.3100,0.1350,0.8469
62.7851,0.3094,0.1350,0.8457
62.8188,0.3095,0.1350,0.8457
62.8519,0.3095,0.1350,0.8458
62.8854,0.3096,0.1350,0.8458
62.9182,0.3096,0.1350,0.8458
62.9521,0.3097,0.1350,0.8458
62.9846,0.3097,0.1350,0.8458
63.0188,0.3097,0.1350,0.8458
63.0522,0.3097,0.1350,0.8458
63.0864,0.3097,0.1350,0.8458
63.1198,0.3098,0.1350,0.8459
63.1526,0.3099,0.1350,0.8469
63.1868,0.3099,0.1350,0.8467
63.2191,0.3099,0.1350,0.8466
63.2526,0.3099,0.1350,0.8465
63.2851,0.3100,0.1351,0.8474
63.3186,0.3100,0.1350,0.8472
63.3521,0.3101,0.1351,0.8480
63.3854,0.3101,0.1351,0.8477
63.4190,0.3101,0.1351,0.8474
63.4514,0.3102,0.1351,0.8482
63.4860,0.3101,0.1351,0.8478
63.5186,0.3101,0.1351,0.8475
63.5516,0.3101,0.1350,0.8473
63.5860,0.3102,0.1351,0.8481
63.6188,0.3097,0.1355,0.8477
63.6512,0.3098,0.1354,0.8475
63.6861,0.3098,0.1353,0.8472
63.7193,0.3098,0.1353,0.8470
63.7518,0.3098,0.1352,0.8469
63.7860,0.3100,0.1352,0.8477
63.8201,0.3099,0.1352,0.8474
63.8514,0.3101,0.1352,0.8482
63.8861,0.3102,0.1353,0.8488
63.9192,0.3101,0.1352,0.8484
63.9516,0.3101,0.1352,0.8480
63.9865,0.3101,0.1351,0.8477
64.0182,0.3100,0.1351,0.8474
