time,x_m,y_m,z_m
0.7993,0.3448,0.1082,0.6867
0.8283,0.3466,0.1073,0.6910
0.8622,0.3475,0.1003,0.7172
0.8959,0.3491,0.0940,0.7405
0.9292,0.3512,0.0885,0.7623
0.9625,0.3538,0.0835,0.7818
0.9956,0.3557,0.0793,0.7983
1.0300,0.3573,0.0757,0.8124
1.0620,0.3583,0.0726,0.8243
1.0954,0.3595,0.0700,0.8345
1.1291,0.3602,0.0678,0.8431
1.1668,0.3606,0.0662,0.8495
1.1965,0.3605,0.0649,0.8549
1.2327,0.3588,0.0638,0.8585
1.2617,0.3581,0.0630,0.8616
1.2968,0.3558,0.0626,0.8632
1.3416,0.3551,0.0619,0.8656
1.3749,0.3542,0.0613,0.8676
1.4046,0.3537,0.0612,0.8683
1.4395,0.3526,0.0607,0.8699
1.4753,0.3523,0.0606,0.8703
1.5158,0.3518,0.0602,0.8716
1.5466,0.3516,0.0602,0.8717
1.5812,0.3514,0.0602,0.8718
1.6153,0.3509,0.0602,0.8719
1.6529,0.3508,0.0602,0.8720
1.6941,0.3508,0.0602,0.8721
1.7359,0.3506,0.0603,0.8712
1.7834,0.3498,0.0603,0.8713
1.8306,0.3499,0.0603,0.8715
1.8672,0.3496,0.0602,0.8717
1.9082,0.3492,0.0606,0.8708
1.9487,0.3494,0.0605,0.8710
1.9865,0.3492,0.0605,0.8713
2.0263,0.3490,0.0604,0.8714
2.0654,0.3488,0.0604,0.8716
2.1069,0.3487,0.0604,0.8717
2.1423,0.3486,0.0603,0.8718
2.1756,0.3485,0.0603,0.8719
2.2141,0.3483,0.0606,0.8710
2.2540,0.3481,0.0609,0.8702
2.2926,0.3484,0.0608,0.8706
2.3335,0.3488,0.0607,0.8709
2.3745,0.3486,0.0606,0.8711
2.4157,0.3484,0.0609,0.8703
2.4579,0.3487,0.0608,0.8706
2.4991,0.3486,0.0607,0.8709
2.5287,0.3483,0.0609,0.8702
2.5712,0.3481,0.0611,0.8695
2.6107,0.3481,0.0610,0.8700
2.6422,0.3481,0.0609,0.8703
2.6810,0.3481,0.0608,0.8706
2.7236,0.3479,0.0610,0.8699
2.7710,0.3478,0.0612,0.8693
2.8104,0.3476,0.0614,0.8688
2.8517,0.3475,0.0615,0.8684
2.8956,0.3474,0.0616,0.8680
2.9391,0.3474,0.0617,0.8677
2.9841,0.3473,0.0618,0.8674
3.0231,0.3473,0.0619,0.8672
3.0665,0.3477,0.0616,0.8680
3.1053,0.3476,0.0617,0.8677
3.1518,0.3475,0.0618,0.8674
3.1971,0.3476,0.0616,0.8682
3.2367,0.3476,0.0614,0.8688
3.2811,0.3475,0.0615,0.8684
3.3342,0.3478,0.0614,0.8680
3.3843,0.3477,0.0615,0.8677
3.4225,0.3476,0.0616,0.8674
3.4514,0.3476,0.0614,0.8682
3.4808,0.3477,0.0612,0.8688
3.5211,0.3476,0.0614,0.8684
3.5505,0.3475,0.0615,0.8680
3.5783,0.3474,0.0617,0.8677
3.6058,0.3477,0.0615,0.8674
3.6475,0.3476,0.0616,0.8672
3.6756,0.3475,0.0617,0.8670
3.7060,0.3474,0.0618,0.8668
3.7389,0.3474,0.0619,0.8667
3.7739,0.3473,0.0619,0.8666
3.8191,0.3471,0.0623,0.8655
3.8581,0.3471,0.0623,0.8655
3.8999,0.3474,0.0621,0.8656
3.9406,0.3474,0.0621,0.8656
3.9882,0.3473,0.0621,0.8657
4.0317,0.3473,0.0622,0.8657
4.0783,0.3472,0.0622,0.8657
4.1220,0.3476,0.0619,0.8658
4.1656,0.3475,0.0620,0.8658
4.2049,0.3470,0.0620,0.8658
4.2438,0.3471,0.0618,0.8668
4.2872,0.3471,0.0618,0.8667
4.3331,0.3471,0.0619,0.8665
4.3773,0.3475,0.0617,0.8665
4.4299,0.3474,0.0618,0.8664
4.4738,0.3473,0.0619,0.8663
4.5273,0.3473,0.0619,0.8662
4.5790,0.3472,0.0620,0.8662
4.6200,0.3472,0.0620,0.8661
4.6607,0.3471,0.0621,0.8661
4.7037,0.3471,0.0621,0.8661
4.7459,0.3471,0.0621,0.8660
4.7928,0.3471,0.0622,0.8660
4.8429,0.3469,0.0625,0.8650
4.8999,0.3464,0.0628,0.8642
4.9565,0.3465,0.0627,0.8644
5.0132,0.3465,0.0627,0.8646
5.0661,0.3466,0.0626,0.8648
5.1104,0.3460,0.0634,0.8630
5.1591,0.3457,0.0632,0.8634
5.2064,0.3459,0.0631,0.8638
5.2507,0.3461,0.0630,0.8641
5.2842,0.3462,0.0629,0.8644
5.3146,0.3463,0.0628,0.8646
5.3429,0.3468,0.0625,0.8648
5.3741,0.3468,0.0624,0.8650
5.4073,0.3472,0.0622,0.8651
5.4413,0.3470,0.0625,0.8642
5.4742,0.3470,0.0625,0.8645
5.5075,0.3470,0.0624,0.8647
5.5396,0.3470,0.0624,0.8649
5.5747,0.3470,0.0624,0.8650
5.6071,0.3470,0.0624,0.8652
5.6398,0.3470,0.0624,0.8653
5.6770,0.3471,0.0621,0.8663
5.7082,0.3470,0.0624,0.8653
5.7407,0.3470,0.0624,0.8654
5.7739,0.3464,0.0627,0.8645
5.8079,0.3465,0.0626,0.8647
5.8394,0.3466,0.0626,0.8649
5.8719,0.3470,0.0623,0.8650
5.9051,0.3475,0.0620,0.8661
5.9430,0.3478,0.0618,0.8661
5.9767,0.3477,0.0618,0.8661
6.0077,0.3476,0.0619,0.8660
6.0383,0.3471,0.0620,0.8660
6.0687,0.3469,0.0623,0.8650
6.1026,0.3469,0.0623,0.8651
6.1345,0.3469,0.0623,0.8653
6.1706,0.3469,0.0623,0.8654
6.2102,0.3469,0.0623,0.8654
6.2375,0.3469,0.0623,0.8655
6.2690,0.3464,0.0626,0.8646
6.3029,0.3470,0.0623,0.8658
6.3338,0.3474,0.0620,0.8658
6.3694,0.3475,0.0617,0.8668
6.4033,0.3474,0.0618,0.8666
6.4358,0.3453,0.0642,0.8606
6.4675,0.3426,0.0670,0.8523
6.5006,0.3434,0.0660,0.8553
6.5354,0.3437,0.0651,0.8579
6.5696,0.3452,0.0641,0.8611
6.6024,0.3467,0.0630,0.8647
6.6356,0.3480,0.0622,0.8679
6.6704,0.3492,0.0611,0.8715
6.7024,0.3502,0.0602,0.8746
6.7346,0.3511,0.0595,0.8772
6.7696,0.3518,0.0588,0.8794
6.8018,0.3525,0.0583,0.8813
6.8395,0.3530,0.0578,0.8829
6.8719,0.3535,0.0574,0.8843
6.9024,0.3537,0.0574,0.8844
6.9379,0.3540,0.0576,0.8827
6.9731,0.3539,0.0577,0.8811
7.0026,0.3538,0.0578,0.8798
7.0364,0.3533,0.0582,0.8787
7.0710,0.3525,0.0585,0.8778
7.1054,0.3518,0.0587,0.8770
7.1406,0.3512,0.0590,0.8763
7.1839,0.3511,0.0591,0.8757
7.2079,0.3505,0.0596,0.8743
7.2384,0.3504,0.0598,0.8730
7.2739,0.3504,0.0598,0.8729
7.3071,0.3504,0.0599,0.8729
7.3464,0.3499,0.0603,0.8718
7.3750,0.3496,0.0602,0.8719
7.4076,0.3493,0.0602,0.8720
7.4410,0.3495,0.0602,0.8721
7.4729,0.3489,0.0602,0.8721
7.5065,0.3488,0.0602,0.8722
7.5427,0.3485,0.0605,0.8712
7.5811,0.3484,0.0605,0.8714
7.6118,0.3487,0.0604,0.8716
7.6405,0.3485,0.0607,0.8707
7.6749,0.3484,0.0606,0.8710
7.7061,0.3483,0.0606,0.8712
7.7391,0.3481,0.0608,0.8704
7.7719,0.3481,0.0607,0.8707
7.8042,0.3479,0.0610,0.8700
7.8390,0.3478,0.0612,0.8694
7.8732,0.3476,0.0613,0.8689
7.9056,0.3481,0.0612,0.8694
7.9360,0.3483,0.0611,0.8689
7.9690,0.3482,0.0610,0.8694
8.0068,0.3482,0.0608,0.8699
8.0441,0.3486,0.0607,0.8703
8.0720,0.3485,0.0607,0.8706
8.1041,0.3484,0.0606,0.8709
8.1413,0.3483,0.0605,0.8711
8.1685,0.3483,0.0605,0.8713
8.2050,0.3481,0.0608,0.8705
8.2371,0.3479,0.0610,0.8698
8.2731,0.3479,0.0609,0.8702
8.3065,0.3483,0.0608,0.8705
8.3405,0.3481,0.0610,0.8698
8.3695,0.3481,0.0609,0.8702
8.4136,0.3481,0.0608,0.8706
8.4424,0.3484,0.0607,0.8708
8.4734,0.3482,0.0609,0.8701
8.5065,0.3482,0.0608,0.8705
8.5409,0.3480,0.0610,0.8698
8.5747,0.3482,0.0610,0.8692
8.6057,0.3480,0.0612,0.8687
8.6373,0.3479,0.0613,0.8683
8.6722,0.3477,0.0615,0.8679
8.7066,0.3476,0.0616,0.8676
8.7388,0.3475,0.0617,0.8674
8.7737,0.3474,0.0618,0.8671
8.8077,0.3474,0.0619,0.8670
8.8413,0.3472,0.0623,0.8658
8.8729,0.3464,0.0631,0.8638
8.9071,0.3460,0.0633,0.8632
8.9383,0.3465,0.0629,0.8636
8.9728,0.3464,0.0631,0.8629
9.0060,0.3458,0.0638,0.8614
9.0416,0.3460,0.0636,0.8621
9.0739,0.3460,0.0637,0.8617
9.1071,0.3461,0.0635,0.8623
9.1391,0.3457,0.0636,0.8618
9.1737,0.3458,0.0638,0.8615
9.2061,0.3459,0.0635,0.8621
9.2399,0.3461,0.0634,0.8627
9.2746,0.3455,0.0640,0.8612
9.3077,0.3452,0.0641,0.8609
9.3401,0.3451,0.0638,0.8617
9.3723,0.3454,0.0636,0.8623
9.4078,0.3456,0.0634,0.8628
9.4405,0.3456,0.0635,0.8623
9.4706,0.3452,0.0642,0.8609
9.5089,0.3449,0.0642,0.8606
9.5414,0.3452,0.0639,0.8614
9.5746,0.3455,0.0637,0.8621
9.6079,0.3457,0.0635,0.8627
9.6411,0.3457,0.0636,0.8622
9.6741,0.3459,0.0634,0.8627
9.7069,0.3457,0.0633,0.8632
9.7420,0.3459,0.0631,0.8636
9.7742,0.3455,0.0633,0.8630
9.8036,0.3452,0.0635,0.8624
9.8381,0.3458,0.0630,0.8629
9.8730,0.3460,0.0629,0.8634
9.9041,0.3456,0.0632,0.8628
9.9374,0.3458,0.0630,0.8632
9.9701,0.3460,0.0629,0.8636
10.0072,0.3448,0.0631,0.8630
10.0373,0.3432,0.0618,0.8663
10.0744,0.3421,0.0610,0.8682
10.1084,0.3422,0.0609,0.8689
10.1436,0.3455,0.0604,0.8674
10.1730,0.3520,0.0610,0.8613
10.2069,0.3624,0.0617,0.8510
10.2558,0.3753,0.0628,0.8360
10.2998,0.3918,0.0731,0.8223
10.3392,0.4109,0.0785,0.8075
10.3850,0.4323,0.0812,0.7938
10.4295,0.4517,0.0849,0.7875
10.4732,0.4661,0.0904,0.7894
10.5155,0.4730,0.0961,0.7900
10.5630,0.4729,0.0869,0.8015
10.6090,0.4700,0.0809,0.8171
10.6523,0.4644,0.0748,0.8360
10.6930,0.4527,0.0652,0.8623
10.7376,0.4388,0.0563,0.8881
10.7860,0.4233,0.0530,0.9154
10.8302,0.4037,0.0593,0.9496
10.8717,0.3836,0.0676,0.9836
10.9063,0.3618,0.0815,1.0141
10.9344,0.3407,0.0942,1.0464
10.9648,0.3188,0.1081,1.0777
11.0025,0.2977,0.1200,1.1120
11.0299,0.2756,0.1322,1.1455
11.0577,0.2533,0.1385,1.1784
11.0854,0.2301,0.1372,1.2099
11.1118,0.2072,0.1395,1.2430
11.1432,0.1838,0.1404,1.2744
11.1761,0.1605,0.1416,1.3065
11.2105,0.1368,0.1428,1.3377
11.2451,0.1137,0.1443,1.3700
11.2771,0.0904,0.1445,1.4024
11.3104,0.0672,0.1451,1.4354
11.3435,0.0434,0.1461,1.4682
11.3766,0.0213,0.1469,1.5036
11.4109,-0.0020,0.1480,1.5364
11.4491,-0.0269,0.1498,1.5671
11.4777,-0.0517,0.1518,1.5985
11.5114,-0.0745,0.1537,1.6320
11.5454,-0.0996,0.1539,1.6563
11.5768,-0.1238,0.1555,1.6821
11.6090,-0.1407,0.1580,1.7091
11.6407,-0.1598,0.1598,1.7346
11.6751,-0.1818,0.1604,1.7531
11.7089,-0.2032,0.1596,1.7673
11.7402,-0.2134,0.1613,1.7965
11.8429,-0.2133,0.1636,1.8398
12.6503,-0.1909,0.1688,1.9244
12.6852,-0.1773,0.1715,1.9792
12.7111,-0.1603,0.1734,2.0241
12.7441,-0.1347,0.1760,2.0663
12.7748,-0.1044,0.1781,2.0924
12.8121,-0.0717,0.1799,2.0994
12.8438,-0.0323,0.1529,2.0977
12.8775,0.0109,0.1300,2.0865
12.9138,0.0579,0.1105,2.0690
12.9424,0.1076,0.0939,2.0437
12.9740,0.1598,0.1095,2.0138
13.0083,0.2142,0.1247,1.9806
13.0420,0.2681,0.1314,1.9409
13.0781,0.3222,0.1371,1.8991
13.1092,0.3772,0.1400,1.8540
13.1476,0.4324,0.1433,1.8082
13.1764,0.4886,0.1453,1.7601
13.2225,0.5455,0.1479,1.7111
13.2484,0.6033,0.1482,1.6646
13.2807,0.6604,0.1508,1.6149
13.3100,0.7171,0.1534,1.5637
13.3542,0.7735,0.1530,1.5114
13.3862,0.8296,0.1548,1.4598
13.4199,0.8842,0.1547,1.4074
13.4505,0.9391,0.1556,1.3507
13.4894,0.9940,0.1542,1.2970
13.5216,1.0478,0.1524,1.2381
13.5499,1.1033,0.1525,1.1911
13.5797,1.1531,0.1527,1.1472
13.6119,1.1967,0.1530,1.1119
13.6439,1.2309,0.1529,1.0799
13.6799,1.2568,0.1531,1.0527
13.7153,1.2748,0.1522,1.0276
13.7504,1.2857,0.1502,0.9941
13.7872,1.2917,0.1486,0.9657
13.8169,1.2929,0.1457,0.9331
13.8502,1.2890,0.1414,0.8935
13.8796,1.2850,0.1378,0.8632
13.9160,1.2776,0.1348,0.8307
13.9468,1.2676,0.1304,0.7917
13.9928,1.2548,0.1246,0.7490
14.0250,1.2404,0.1200,0.7115
14.0639,1.2250,0.1175,0.6760
14.1013,1.2104,0.1166,0.6396
14.1370,1.1961,0.1169,0.6050
14.1671,1.1810,0.1155,0.5639
14.1951,1.1634,0.1127,0.5210
14.2225,1.1440,0.1110,0.4804
14.2584,1.1240,0.1073,0.4432
14.2862,1.1040,0.1031,0.4130
14.3202,1.0768,0.1029,0.3927
14.3505,1.0406,0.1245,0.4024
14.3821,0.9976,0.1329,0.4420
14.4160,0.9488,0.1256,0.4928
14.4486,0.8962,0.1197,0.5586
14.4796,0.8409,0.1195,0.6381
14.5143,0.7828,0.1182,0.7199
14.5473,0.7236,0.1216,0.8104
14.5868,0.6633,0.1358,0.9085
14.6171,0.6010,0.1457,1.0075
14.6468,0.5376,0.1238,1.1153
14.6817,0.4745,0.1284,1.2209
14.7158,0.4119,0.1351,1.3284
14.7462,0.3499,0.1410,1.4378
14.7795,0.2890,0.1466,1.5496
14.8117,0.2294,0.1521,1.6488
14.8484,0.1788,0.1575,1.7438
14.8777,0.1373,0.1625,1.8318
14.9114,0.1159,0.1670,1.9306
15.2431,0.0998,0.1712,2.0241
15.2795,0.0839,0.1759,2.0996
15.5420,0.0552,0.1773,2.1256
15.5766,0.0295,0.1796,2.1445
15.6135,0.0095,0.1797,2.1468
15.6411,-0.0026,0.1800,2.1480
15.6746,-0.0072,0.1802,2.1377
15.7100,-0.0055,0.1792,2.1173
15.7408,0.0041,0.1781,2.0937
15.7741,0.0160,0.1761,2.0596
15.8094,0.0337,0.1746,2.0236
15.8408,0.0548,0.1484,1.9834
15.8778,0.0779,0.1262,1.9381
15.9093,0.1042,0.1488,1.8919
15.9401,0.1329,0.1632,1.8434
15.9783,0.1625,0.1713,1.7933
16.0081,0.1935,0.1754,1.7400
16.0441,0.2255,0.1697,1.6870
16.0736,0.2584,0.1650,1.6325
16.1065,0.2924,0.1608,1.5794
16.1406,0.3266,0.1563,1.5257
16.1758,0.3614,0.1542,1.4703
16.2105,0.3956,0.1484,1.4149
16.2444,0.4291,0.1392,1.3581
16.2740,0.4631,0.1295,1.3026
16.3113,0.4969,0.1187,1.2471
16.3422,0.5306,0.1024,1.1903
16.3735,0.5649,0.1058,1.1360
16.4093,0.5995,0.1124,1.0796
16.4440,0.6340,0.1201,1.0243
16.4767,0.6683,0.1310,0.9674
16.5102,0.7021,0.1424,0.9100
16.5492,0.7361,0.1372,0.8542
16.5789,0.7677,0.1305,0.7960
16.6089,0.7954,0.1249,0.7501
16.6453,0.8176,0.1211,0.7124
16.6788,0.8365,0.1173,0.6791
16.7113,0.8563,0.1144,0.6568
16.7423,0.8771,0.1123,0.6390
16.7754,0.8989,0.1138,0.6286
16.8092,0.9200,0.1155,0.6186
16.8415,0.9425,0.1163,0.6148
16.8757,0.9639,0.1160,0.6161
16.9106,0.9850,0.1166,0.6184
16.9439,1.0065,0.1173,0.6237
16.9768,1.0271,0.1177,0.6248
17.0086,1.0482,0.1189,0.6280
17.0407,1.0696,0.1207,0.6308
17.0744,1.0918,0.1215,0.6354
17.1082,1.1127,0.1216,0.6437
17.1416,1.1345,0.1209,0.6486
17.1754,1.1575,0.1211,0.6539
17.2097,1.1814,0.1215,0.6639
17.2409,1.2049,0.1227,0.6766
17.2753,1.2273,0.1245,0.6885
17.3079,1.2473,0.1274,0.7060
17.3419,1.2518,0.1301,0.7386
17.3749,1.2425,0.1328,0.7848
17.4100,1.2201,0.1341,0.8445
17.4407,1.1909,0.1371,0.9041
17.4745,1.1555,0.1425,0.9647
17.5071,1.1164,0.1463,1.0412
17.5419,1.0721,0.1478,1.1155
17.5742,1.0253,0.1491,1.1887
17.6104,0.9752,0.1523,1.2633
17.6408,0.9247,0.1523,1.3397
17.6754,0.8727,0.1631,1.4104
17.7080,0.8198,0.1708,1.4812
17.7412,0.7690,0.1743,1.5557
17.7747,0.7173,0.1481,1.6293
17.8078,0.6652,0.1259,1.7039
17.8421,0.6128,0.1070,1.7801
17.8758,0.5594,0.0910,1.8556
17.9100,0.4991,0.1067,1.9251
17.9435,0.4435,0.1207,1.9987
17.9755,0.3855,0.1325,2.0610
18.0091,0.3327,0.1419,2.1176
18.0407,0.2837,0.1495,2.1659
18.0735,0.2401,0.1558,2.2060
18.1085,0.2006,0.1607,2.2389
18.1410,0.1669,0.1662,2.2719
18.1760,0.1376,0.1708,2.3028
18.7429,0.0922,0.1740,2.2850
18.7760,0.0682,0.1747,2.2579
18.8106,0.0467,0.1748,2.2331
18.8443,0.0405,0.1740,2.2102
18.8761,0.0471,0.1756,2.1848
18.9087,0.0594,0.1756,2.1526
18.9437,0.0789,0.1493,2.1178
18.9757,0.1018,0.1269,2.0769
19.0100,0.1298,0.1078,2.0359
19.0435,0.1615,0.1369,1.9920
19.0756,0.1965,0.1598,1.9457
19.1077,0.2342,0.1670,1.8968
19.1440,0.2733,0.1639,1.8461
19.1747,0.3120,0.1616,1.7912
19.2104,0.3513,0.1592,1.7329
19.2428,0.3941,0.1498,1.6806
19.2757,0.4383,0.1416,1.6311
19.3085,0.4817,0.1345,1.5777
19.3417,0.5252,0.1225,1.5214
19.3766,0.5711,0.1112,1.4703
19.4124,0.6151,0.0983,1.4160
19.4420,0.6610,0.1046,1.3665
19.4775,0.7069,0.1090,1.3174
19.5109,0.7516,0.1106,1.2637
19.5417,0.7962,0.1147,1.2105
19.5771,0.8410,0.1167,1.1545
19.6100,0.8851,0.1176,1.0946
19.6452,0.9311,0.1213,1.0447
19.6770,0.9747,0.1223,0.9938
19.7092,1.0196,0.1210,0.9350
19.7420,1.0654,0.1199,0.8861
19.7750,1.1061,0.1196,0.8469
19.8091,1.1399,0.1197,0.8169
19.8432,1.1669,0.1199,0.7915
19.8781,1.1878,0.1201,0.7731
19.9083,1.2033,0.1195,0.7553
19.9427,1.2144,0.1190,0.7402
19.9767,1.2221,0.1185,0.7273
20.0086,1.2260,0.1188,0.7130
20.0424,1.2277,0.1190,0.7008
20.0794,1.2273,0.1196,0.6915
20.1091,1.2236,0.1174,0.6734
20.1416,1.2195,0.1159,0.6591
20.1785,1.2136,0.1139,0.6446
20.2098,1.2049,0.1132,0.6311
20.2427,1.1954,0.1128,0.6173
20.2754,1.1865,0.1107,0.5984
20.3110,1.1800,0.1088,0.5798
20.3423,1.1730,0.1073,0.5665
20.3776,1.1656,0.1069,0.5576
20.4097,1.1575,0.1066,0.5512
20.4432,1.1487,0.1069,0.5409
20.4786,1.1399,0.1075,0.5310
20.5123,1.1306,0.1074,0.5262
20.5446,1.1218,0.1068,0.5209
20.5793,1.1135,0.1055,0.5151
20.6191,1.1052,0.1037,0.5090
20.6476,1.0962,0.1014,0.4977
20.6818,1.0876,0.0991,0.4893
20.7165,1.0795,0.0991,0.4919
20.7480,1.0693,0.1009,0.5001
20.7793,1.0575,0.1026,0.5105
20.8124,1.0436,0.1037,0.5205
20.8458,1.0276,0.1041,0.5243
20.8777,1.0093,0.1234,0.5216
20.9195,0.9894,0.1403,0.5157
20.9493,0.9662,0.1574,0.5032
20.9784,0.9431,0.1718,0.4951
21.0123,0.9175,0.1859,0.4845
21.0448,0.8918,0.1981,0.4729
21.0778,0.8663,0.2074,0.4643
21.1118,0.8396,0.1763,0.4507
21.1444,0.8123,0.1585,0.4391
21.1775,0.7836,0.1448,0.4201
21.2114,0.7561,0.1331,0.4053
21.2434,0.7292,0.1229,0.3926
21.2786,0.7018,0.1136,0.3779
21.3120,0.6744,0.1071,0.3641
21.3467,0.6427,0.1033,0.3563
21.3795,0.6036,0.1018,0.3676
21.4114,0.5583,0.1030,0.4055
21.4459,0.5079,0.0936,0.4684
21.4958,0.4544,0.0951,0.5549
21.5373,0.3991,0.1051,0.6543
21.5700,0.3379,0.1141,0.7556
21.6081,0.2795,0.1204,0.8726
21.6501,0.2214,0.1249,1.0012
21.6899,0.1645,0.1315,1.1375
22.2749,0.1159,0.1391,1.2906
22.3236,0.0789,0.1453,1.4079
22.3816,0.0533,0.1493,1.5017
22.4387,0.0431,0.1521,1.5527
22.4946,0.0485,0.1542,1.5699
22.5504,0.0652,0.1613,1.5566
22.6017,0.0865,0.1646,1.5329
22.6618,0.1180,0.1583,1.4859
22.7193,0.1583,0.1384,1.4227
22.7787,0.1993,0.1207,1.3582
22.8376,0.2441,0.1229,1.2724
22.8992,0.2949,0.1180,1.1825
22.9552,0.3495,0.1140,1.0798
23.0636,0.4024,0.0969,0.9814
23.1220,0.4578,0.1235,0.8928
23.1816,0.5077,0.1455,0.8200
23.2406,0.5586,0.1609,0.7644
23.3030,0.6137,0.1514,0.7208
23.3632,0.6733,0.1423,0.6851
23.4175,0.7372,0.1372,0.6608
23.4667,0.7961,0.1337,0.6437
23.5230,0.8600,0.1305,0.6339
23.5768,0.9200,0.1280,0.6290
23.6315,0.9837,0.1286,0.6362
23.6878,1.0487,0.1321,0.6510
23.7440,1.0878,0.1337,0.6811
23.7982,1.0882,0.1350,0.7506
23.8529,1.0572,0.1397,0.8599
23.9075,1.0148,0.1419,0.9702
23.9627,0.9494,0.1553,1.0995
24.0224,0.8651,0.1320,1.2435
24.0775,0.7803,0.1122,1.3857
24.1348,0.6753,0.1242,1.5341
24.1890,0.5779,0.1355,1.6747
24.2447,0.4900,0.1438,1.7900
24.2994,0.4090,0.1506,1.8852
24.7329,0.3294,0.1558,1.9195
24.7897,0.2753,0.1573,1.9192
24.8438,0.2436,0.1595,1.9163
24.8986,0.2334,0.1356,1.8894
24.9409,0.2422,0.1520,1.8407
24.9964,0.2570,0.1610,1.7837
25.0506,0.2862,0.1567,1.7147
25.1047,0.3200,0.1525,1.6477
25.1591,0.3611,0.1460,1.5604
25.2140,0.4131,0.1279,1.4710
25.2694,0.4636,0.1087,1.3786
25.3251,0.5198,0.1191,1.2741
25.3803,0.5758,0.1282,1.1831
25.4350,0.6363,0.1217,1.0755
25.4906,0.6838,0.1173,0.9841
25.5445,0.7202,0.1134,0.9039
25.5992,0.7414,0.1358,0.8282
25.6532,0.7522,0.1562,0.7613
25.7096,0.7564,0.1749,0.7019
25.7634,0.7517,0.1913,0.6448
25.8179,0.7393,0.1677,0.5923
25.8742,0.7244,0.1489,0.5450
25.9293,0.7031,0.1363,0.4980
25.9830,0.6761,0.1277,0.4525
26.0386,0.6486,0.1210,0.4096
26.0788,0.6111,0.1175,0.3937
26.1198,0.5688,0.1067,0.4091
26.1594,0.5222,0.1049,0.4539
26.1917,0.4641,0.0892,0.5416
26.2369,0.4059,0.1015,0.6485
26.2857,0.3468,0.1087,0.7622
26.3328,0.2898,0.1143,0.8839
26.3733,0.2256,0.1225,1.0359
26.4163,0.1634,0.1300,1.1826
26.4678,0.1106,0.1366,1.3242
27.0801,0.0673,0.1412,1.4434
27.1145,0.0284,0.1461,1.5281
27.1545,-0.0067,0.1501,1.5813
27.1853,-0.0108,0.1519,1.6238
27.2157,-0.0083,0.1529,1.6411
27.2428,-0.0005,0.1537,1.6415
27.2742,0.0135,0.1557,1.6265
27.3038,0.0312,0.1606,1.5985
27.3318,0.0532,0.1658,1.5591
27.3588,0.0778,0.1409,1.5097
27.3949,0.1051,0.1345,1.4539
27.4360,0.1363,0.1186,1.3936
27.4666,0.1685,0.1066,1.3260
27.5024,0.2028,0.0991,1.2580
27.5385,0.2383,0.0947,1.1841
27.5659,0.2748,0.0985,1.1128
27.5950,0.3115,0.0986,1.0379
27.6230,0.3480,0.0975,0.9580
27.6551,0.3859,0.0947,0.8816
27.6891,0.4243,0.0902,0.8040
27.7218,0.4628,0.0767,0.7277
27.7556,0.4956,0.0652,0.6641
27.7882,0.5241,0.0554,0.6140
27.8201,0.5513,0.0471,0.5753
27.8539,0.5755,0.0822,0.5386
27.8876,0.6021,0.1119,0.5099
27.9262,0.6293,0.1369,0.4908
27.9626,0.6589,0.1546,0.4820
27.9980,0.6885,0.1672,0.4820
28.0238,0.7188,0.1764,0.4869
28.0529,0.7503,0.1663,0.4957
28.0908,0.7820,0.1582,0.5091
28.1204,0.8140,0.1535,0.5251
28.1529,0.8450,0.1495,0.5387
28.1903,0.8766,0.1459,0.5548
28.2191,0.9083,0.1415,0.5729
28.2527,0.9404,0.1384,0.5927
28.2867,0.9727,0.1379,0.6085
28.3195,1.0073,0.1379,0.6347
28.3502,1.0409,0.1385,0.6611
28.3862,1.0731,0.1409,0.6866
28.4165,1.0915,0.1409,0.7315
28.4511,1.0891,0.1405,0.7951
28.4854,1.0704,0.1450,0.8698
28.5157,1.0374,0.1469,0.9508
28.5496,0.9916,0.1475,1.0325
28.5831,0.9384,0.1494,1.1240
28.6180,0.8775,0.1589,1.2227
28.6486,0.8119,0.1678,1.3284
28.6820,0.7405,0.1427,1.4384
28.7157,0.6643,0.1213,1.5493
28.7483,0.5851,0.1323,1.6630
28.7814,0.5042,0.1419,1.7722
28.8173,0.4246,0.1493,1.8633
28.8489,0.3542,0.1562,1.9448
28.8860,0.2939,0.1611,2.0173
29.3218,0.2329,0.1650,2.0592
29.3563,0.1816,0.1691,2.0852
29.3913,0.1366,0.1708,2.0994
29.4181,0.1247,0.1719,2.1060
29.4557,0.1177,0.1712,2.1101
29.4868,0.1204,0.1714,2.1021
29.5189,0.1313,0.1729,2.0856
29.5540,0.1480,0.1470,2.0595
29.5887,0.1717,0.1249,2.0290
29.6199,0.2002,0.1505,1.9927
29.6543,0.2323,0.1684,1.9509
29.6865,0.2658,0.1755,1.9031
29.7180,0.3043,0.1746,1.8565
29.7524,0.3437,0.1707,1.8074
29.7889,0.3848,0.1662,1.7564
29.8195,0.4271,0.1573,1.7035
29.8588,0.4714,0.1513,1.6513
29.8905,0.5166,0.1421,1.5981
29.9277,0.5607,0.1284,1.5387
29.9618,0.6062,0.1162,1.4801
29.9877,0.6513,0.1204,1.4209
30.0252,0.6968,0.1233,1.3609
30.0548,0.7434,0.1228,1.3008
30.0852,0.7905,0.1270,1.2478
30.1245,0.8363,0.1270,1.1902
30.1523,0.8831,0.1276,1.1312
30.1917,0.9311,0.1291,1.0758
30.2187,0.9781,0.1277,1.0192
30.2545,1.0249,0.1264,0.9656
30.2875,1.0701,0.1250,0.9133
30.3176,1.1087,0.1239,0.8711
30.3522,1.1382,0.1230,0.8386
30.3844,1.1593,0.1224,0.8121
30.4184,1.1714,0.1221,0.7850
30.4497,1.1766,0.1225,0.7620
30.4834,1.1759,0.1221,0.7424
30.5191,1.1695,0.1219,0.7189
30.5509,1.1586,0.1200,0.6954
30.5853,1.1443,0.1199,0.6743
30.6177,1.1269,0.1203,0.6574
30.6513,1.1059,0.1164,0.6360
30.6852,1.0841,0.1135,0.6166
30.7167,1.0604,0.1116,0.5976
30.7507,1.0354,0.1296,0.5827
30.7834,1.0090,0.1452,0.5700
30.8184,0.9830,0.1580,0.5616
30.8501,0.9557,0.1696,0.5533
30.8875,0.9282,0.1796,0.5462
30.9184,0.9000,0.1880,0.5389
30.9518,0.8721,0.1598,0.5327
30.9844,0.8424,0.1471,0.5226
31.0184,0.8124,0.1377,0.5139
31.0517,0.7753,0.1309,0.5150
31.0828,0.7300,0.1284,0.5397
31.1178,0.6770,0.1174,0.5897
31.1497,0.6192,0.1101,0.6642
31.1846,0.5574,0.1209,0.7506
31.2153,0.4931,0.1285,0.8505
31.2498,0.4249,0.1307,0.9597
31.2828,0.3571,0.1364,1.0782
31.3150,0.2862,0.1411,1.1971
31.3570,0.2161,0.1458,1.3183
31.3838,0.1541,0.1496,1.4363
31.9832,0.1116,0.1553,1.5604
32.0179,0.0675,0.1580,1.6457
32.0514,0.0252,0.1605,1.7040
32.0829,0.0057,0.1620,1.7466
32.1158,-0.0019,0.1626,1.7713
32.1495,-0.0006,0.1628,1.7772
32.1845,0.0078,0.1613,1.7688
32.2157,0.0216,0.1580,1.7465
32.2487,0.0425,0.1603,1.7178
32.2843,0.0656,0.1363,1.6755
32.3154,0.0939,0.1429,1.6276
32.3504,0.1252,0.1419,1.5735
32.3839,0.1590,0.1369,1.5140
32.4185,0.1942,0.1211,1.4483
32.4554,0.2310,0.1040,1.3836
32.4832,0.2687,0.0899,1.3158
32.5208,0.3075,0.0956,1.2445
32.5596,0.3458,0.0975,1.1716
32.5988,0.3856,0.0972,1.0991
32.6271,0.4262,0.0989,1.0241
32.6642,0.4665,0.0840,0.9499
32.7029,0.5068,0.1098,0.8735
32.7356,0.5474,0.1348,0.7998
32.7684,0.5876,0.1589,0.7228
32.8074,0.6227,0.1786,0.6600
32.8502,0.6535,0.1941,0.6105
32.8887,0.6801,0.2079,0.5659
32.9329,0.7064,0.2191,0.5293
32.9690,0.7368,0.2014,0.5060
33.0084,0.7672,0.1849,0.4887
33.0497,0.7969,0.1704,0.4804
33.0891,0.8252,0.1571,0.4758
33.1320,0.8535,0.1467,0.4756
33.1720,0.8846,0.1421,0.4850
33.2158,0.9148,0.1372,0.4966
33.2596,0.9434,0.1343,0.5076
33.3038,0.9713,0.1326,0.5205
33.3437,1.0027,0.1311,0.5371
33.3864,1.0330,0.1320,0.5580
33.4329,1.0626,0.1310,0.5801
33.4747,1.0950,0.1311,0.6043
33.5190,1.1263,0.1313,0.6281
33.5611,1.1420,0.1337,0.6596
33.6094,1.1360,0.1336,0.7121
33.6588,1.0939,0.1269,0.7929
33.7050,1.0415,0.1303,0.8817
33.7487,0.9595,0.1336,0.9882
33.7910,0.8723,0.1581,1.0999
33.8339,0.7824,0.1344,1.2112
33.8791,0.6747,0.1408,1.3369
33.9284,0.5673,0.1480,1.4593
33.9721,0.4641,0.1525,1.5682
34.3503,0.3836,0.1580,1.6816
34.3955,0.3154,0.1626,1.7790
34.4455,0.2586,0.1662,1.8601
34.4947,0.2094,0.1694,1.9297
34.5454,0.1676,0.1717,1.9919
34.5902,0.1327,0.1760,2.0499
34.8992,0.0943,0.1767,2.0694
34.9283,0.0653,0.1772,2.0782
34.9669,0.0387,0.1755,2.0714
34.9994,0.0420,0.1756,2.0694
35.0305,0.0509,0.1753,2.0531
35.0629,0.0664,0.1737,2.0262
35.1066,0.0898,0.1476,1.9969
35.1520,0.1173,0.1255,1.9604
35.1980,0.1499,0.1500,1.9204
35.2408,0.1863,0.1662,1.8753
35.2850,0.2333,0.1622,1.8187
35.3313,0.2810,0.1593,1.7590
35.3756,0.3293,0.1539,1.6991
35.4150,0.3848,0.1399,1.6269
35.4572,0.4387,0.1248,1.5574
35.5025,0.4917,0.1074,1.4848
35.5497,0.5506,0.0957,1.4068
35.5930,0.6074,0.0987,1.3262
35.6353,0.6641,0.0901,1.2548
35.8593,0.7268,0.0870,1.1755
35.8985,0.8113,0.0821,1.0668
35.9446,0.8814,0.0760,0.9817
35.9978,0.9342,0.0718,0.9069
36.0496,0.9753,0.0672,0.8470
36.1005,1.0010,0.0659,0.7899
36.1537,1.0146,0.0667,0.7314
36.2062,1.0224,0.0699,0.6740
36.2595,1.0222,0.0717,0.6145
36.3124,1.0189,0.0727,0.5600
36.3681,1.0075,0.0755,0.5024
36.4209,0.9887,0.0765,0.4507
36.4675,0.9691,0.0769,0.4082
36.5131,0.9461,0.0773,0.3648
36.5552,0.9221,0.0768,0.3236
36.6263,0.8945,0.0768,0.3015
36.6624,0.8503,0.0756,0.3403
36.6924,0.8021,0.0737,0.4052
36.7249,0.7526,0.0701,0.4906
36.7667,0.6999,0.0652,0.5920
36.8059,0.6441,0.0617,0.7023
36.8412,0.5763,0.0560,0.8559
36.8712,0.5106,0.0505,1.0150
36.8983,0.4453,0.0468,1.1762
36.9291,0.3806,0.0403,1.3445
36.9619,0.3222,0.0380,1.5045
36.9941,0.2729,0.0359,1.6414
37.0278,0.2266,0.0349,1.7574
37.0629,0.1840,0.0328,1.8541
37.0949,0.1590,0.0342,1.9562
37.4552,0.1319,0.0401,2.0359
37.4924,0.1086,0.0397,2.1008
37.5747,0.0884,0.0561,2.1551
37.6043,0.0707,0.0497,2.2009
38.1731,0.0570,0.0661,2.1214
38.1910,0.0485,0.0765,2.0374
38.2199,0.0458,0.0903,1.9504
38.2537,0.0485,0.0975,1.8624
38.2863,0.0554,0.1055,1.7751
38.3223,0.0645,0.1105,1.6843
38.3567,0.0766,0.1181,1.5927
38.3875,0.0908,0.1201,1.5016
38.4205,0.1070,0.1202,1.4110
38.4549,0.1240,0.1222,1.3191
38.4890,0.1415,0.1225,1.2241
38.5209,0.1619,0.1198,1.1347
38.5557,0.1829,0.1153,1.0436
38.5889,0.2038,0.1136,0.9542
38.6208,0.2245,0.1106,0.8605
38.6554,0.2472,0.1065,0.7743
38.6893,0.2698,0.1013,0.6901
38.7295,0.2914,0.0949,0.6115
38.7566,0.3147,0.0859,0.5362
38.7881,0.3332,0.0796,0.4750
38.8261,0.3495,0.0748,0.4273
38.8553,0.3650,0.0700,0.3854
38.8895,0.3814,0.0653,0.3483
38.9250,0.4004,0.0631,0.3196
38.9547,0.4225,0.0632,0.3009
38.9883,0.4494,0.0652,0.2864
39.0225,0.4805,0.0679,0.2782
39.0551,0.5129,0.0707,0.2712
39.0889,0.5490,0.0741,0.2708
39.1228,0.5886,0.0783,0.2810
39.1563,0.6295,0.0833,0.2950
39.1891,0.6719,0.0882,0.3131
39.2223,0.7159,0.0918,0.3324
39.2554,0.7598,0.0931,0.3525
39.2880,0.8065,0.0982,0.3744
39.3224,0.8542,0.1021,0.3991
39.3567,0.9010,0.1040,0.4236
39.3896,0.9491,0.1076,0.4480
39.4225,0.9979,0.1129,0.4744
39.4571,1.0339,0.1183,0.5134
39.4894,1.0504,0.1201,0.5600
39.5246,1.0488,0.1202,0.6171
39.5575,1.0348,0.1232,0.6875
39.5890,1.0097,0.1275,0.7590
39.6232,0.9748,0.1300,0.8404
39.6574,0.9334,0.1337,0.9305
39.6891,0.8836,0.1373,1.0171
39.7247,0.8296,0.1412,1.1101
39.7579,0.7736,0.1452,1.2080
39.7893,0.7123,0.1487,1.3033
39.8223,0.6504,0.1544,1.4027
39.8567,0.5855,0.1582,1.4997
39.8913,0.5191,0.1625,1.6000
39.9285,0.4496,0.1665,1.6989
39.9571,0.3790,0.1698,1.7891
39.9912,0.3145,0.1727,1.8753
40.0229,0.2579,0.1768,1.9543
40.5914,0.2130,0.1783,2.0023
40.6240,0.1828,0.1788,2.0230
40.6581,0.1662,0.1798,2.0325
40.6942,0.1609,0.1804,2.0295
40.7239,0.1645,0.1798,2.0170
40.7571,0.1756,0.1793,1.9962
40.7899,0.1931,0.1778,1.9700
40.8234,0.2162,0.1802,1.9377
40.8589,0.2442,0.1875,1.9012
40.8894,0.2757,0.1849,1.8591
40.9249,0.3102,0.1790,1.8121
40.9580,0.3468,0.1747,1.7637
40.9909,0.3848,0.1728,1.7124
41.0225,0.4254,0.1694,1.6610
41.0569,0.4681,0.1679,1.6107
41.0900,0.5103,0.1624,1.5542
41.1231,0.5530,0.1592,1.4973
41.1579,0.5956,0.1573,1.4355
41.1898,0.6397,0.1562,1.3804
41.2225,0.6857,0.1552,1.3292
41.2576,0.7313,0.1509,1.2747
41.2925,0.7760,0.1470,1.2150
41.3252,0.8186,0.1435,1.1501
41.3582,0.8632,0.1444,1.0908
41.3901,0.9094,0.1426,1.0394
41.4254,0.9547,0.1436,0.9838
41.4586,0.9985,0.1429,0.9253
41.4900,1.0436,0.1398,0.8698
41.5327,1.0873,0.1368,0.8131
41.5570,1.1309,0.1348,0.7600
41.5901,1.1734,0.1331,0.7136
41.6231,1.2099,0.1326,0.6779
41.6574,1.2393,0.1330,0.6500
41.6927,1.2618,0.1316,0.6214
41.7238,1.2783,0.1318,0.6008
41.7575,1.2880,0.1273,0.5783
41.7932,1.2891,0.1185,0.5554
41.8238,1.2835,0.1150,0.5347
41.8594,1.2734,0.1160,0.5158
41.8900,1.2583,0.1167,0.4971
41.9255,1.2401,0.1163,0.4749
41.9567,1.2187,0.1162,0.4546
41.9906,1.1951,0.1133,0.4361
42.0240,1.1704,0.1105,0.4242
42.0576,1.1440,0.1093,0.4128
42.0921,1.1170,0.1091,0.4031
42.1265,1.0891,0.1086,0.3949
42.1586,1.0590,0.1074,0.3826
42.1903,1.0289,0.1073,0.3722
42.2259,0.9982,0.1062,0.3606
42.2610,0.9671,0.1061,0.3508
42.2915,0.9341,0.1032,0.3357
42.3245,0.9014,0.0997,0.3242
42.3570,0.8681,0.0967,0.3145
42.3918,0.8355,0.0941,0.3048
42.4253,0.7974,0.0892,0.2993
42.4573,0.7488,0.0879,0.3116
42.4922,0.6890,0.0900,0.3429
42.5240,0.6203,0.0971,0.4071
42.5565,0.5464,0.1052,0.5019
42.5923,0.4679,0.1143,0.6297
42.6261,0.3923,0.1209,0.7892
42.6608,0.3159,0.1279,0.9598
42.6908,0.2362,0.1354,1.1152
43.7924,0.1925,0.1456,1.3097
43.8248,0.1509,0.1518,1.4489
43.8599,0.1257,0.1556,1.5473
43.8922,0.1110,0.1591,1.6164
43.9257,0.1063,0.1621,1.6637
43.9578,0.1114,0.1634,1.6958
43.9935,0.1224,0.1631,1.7086
44.0251,0.1423,0.1387,1.7136
44.0614,0.1675,0.1179,1.7060
44.0924,0.1973,0.1325,1.6868
44.1260,0.2317,0.1397,1.6623
44.1592,0.2685,0.1442,1.6322
44.1933,0.3078,0.1467,1.5962
44.2281,0.3477,0.1473,1.5540
44.2594,0.3892,0.1447,1.5098
44.2929,0.4316,0.1431,1.4627
44.3267,0.4769,0.1416,1.4136
44.3610,0.5228,0.1376,1.3660
44.3936,0.5683,0.1361,1.3123
44.4275,0.6146,0.1342,1.2565
44.4612,0.6618,0.1321,1.1994
44.4920,0.7087,0.1322,1.1450
44.5266,0.7570,0.1299,1.0916
44.5584,0.8040,0.1303,1.0314
44.5934,0.8510,0.1322,0.9736
44.6256,0.8966,0.1300,0.9119
44.6594,0.9446,0.1275,0.8560
44.6930,0.9927,0.1213,0.8013
44.7271,1.0394,0.1135,0.7412
44.7608,1.0843,0.1083,0.6876
44.7928,1.1222,0.1043,0.6445
44.8298,1.1507,0.0995,0.6092
44.8608,1.1709,0.0952,0.5740
44.8942,1.1835,0.0950,0.5454
44.9281,1.1890,0.0985,0.5237
44.9583,1.1883,0.1029,0.5102
44.9931,1.1815,0.1059,0.4987
45.0260,1.1704,0.1088,0.4889
45.0591,1.1557,0.1108,0.4793
45.0925,1.1377,0.1106,0.4737
45.1274,1.1171,0.1089,0.4701
45.1603,1.0918,0.1090,0.4570
45.1934,1.0671,0.1096,0.4496
45.2276,1.0412,0.1114,0.4446
45.2599,1.0138,0.1125,0.4403
45.2945,0.9852,0.1106,0.4341
45.3285,0.9554,0.1089,0.4289
45.3615,0.9249,0.1096,0.4269
45.3943,0.8941,0.1078,0.4252
45.4322,0.8621,0.1043,0.4238
45.4625,0.8290,0.1028,0.4275
45.4948,0.7877,0.1029,0.4474
45.5285,0.7398,0.1014,0.4972
45.5610,0.6884,0.1019,0.5622
45.5958,0.6320,0.1097,0.6348
45.6279,0.5727,0.1146,0.7216
45.6638,0.5101,0.1213,0.8123
45.6995,0.4474,0.1276,0.9131
45.7294,0.3847,0.1318,1.0179
45.7620,0.3237,0.1368,1.1298
45.7979,0.2610,0.1420,1.2420
45.8282,0.1976,0.1462,1.3515
45.8639,0.1405,0.1501,1.4553
46.4628,0.0972,0.1540,1.5581
46.5007,0.0582,0.1574,1.6278
46.5314,0.0342,0.1605,1.6903
46.5610,0.0180,0.1623,1.7314
46.5960,0.0097,0.1628,1.7525
46.6331,0.0078,0.1643,1.7559
46.6630,0.0126,0.1653,1.7478
46.6952,0.0224,0.1625,1.7280
46.7365,0.0370,0.1630,1.7001
46.7634,0.0539,0.1626,1.6611
46.7983,0.0735,0.1601,1.6153
46.8291,0.0969,0.1591,1.5652
46.8632,0.1230,0.1566,1.5133
46.9028,0.1509,0.1559,1.4553
46.9284,0.1794,0.1503,1.3931
46.9623,0.2093,0.1435,1.3312
46.9972,0.2403,0.1405,1.2653
47.0291,0.2723,0.1361,1.2016
47.0640,0.3040,0.1301,1.1340
47.0961,0.3352,0.1274,1.0660
47.1314,0.3676,0.1260,0.9959
47.1622,0.4015,0.1204,0.9294
47.1972,0.4356,0.1148,0.8621
47.2308,0.4690,0.1108,0.7914
47.2662,0.5025,0.1056,0.7235
47.2978,0.5349,0.1016,0.6511
47.3306,0.5683,0.1012,0.5841
47.3616,0.5994,0.1019,0.5215
47.3984,0.6254,0.1025,0.4697
47.4295,0.6476,0.1028,0.4299
47.4685,0.6684,0.1040,0.3975
47.4945,0.6889,0.1035,0.3727
47.5317,0.7096,0.1027,0.3543
47.5642,0.7318,0.1029,0.3414
47.5963,0.7549,0.1025,0.3345
47.6293,0.7777,0.1021,0.3287
47.6646,0.8017,0.1025,0.3277
47.6945,0.8243,0.1031,0.3268
47.7286,0.8475,0.1039,0.3300
47.7639,0.8708,0.1034,0.3354
47.7987,0.8942,0.1022,0.3399
47.8312,0.9180,0.1026,0.3489
47.8644,0.9425,0.1056,0.3603
47.8957,0.9673,0.1085,0.3700
47.9280,0.9917,0.1115,0.3821
47.9609,1.0148,0.1136,0.3910
47.9973,1.0390,0.1147,0.4024
48.0295,1.0637,0.1146,0.4157
48.0634,1.0889,0.1145,0.4331
48.0951,1.1150,0.1140,0.4502
48.1291,1.1397,0.1161,0.4683
48.1630,1.1517,0.1197,0.5028
48.1958,1.1419,0.1221,0.5539
48.2285,1.1154,0.1261,0.6240
48.2621,1.0725,0.1288,0.6923
48.2955,1.0184,0.1313,0.7743
48.3299,0.9548,0.1361,0.8692
48.3625,0.8842,0.1355,0.9726
48.3962,0.8067,0.1152,1.0888
48.4288,0.7213,0.1243,1.2067
48.4622,0.6312,0.1329,1.3262
48.4975,0.5399,0.1403,1.4546
48.5284,0.4442,0.1471,1.5724
49.0622,0.3576,0.1524,1.6647
49.0963,0.2837,0.1566,1.7237
49.1312,0.2317,0.1584,1.7626
49.1631,0.2009,0.1615,1.7981
49.1982,0.1838,0.1638,1.8148
49.2308,0.1795,0.1663,1.8191
49.2637,0.1850,0.1688,1.8103
49.2951,0.1999,0.1435,1.7921
49.3301,0.2218,0.1534,1.7637
49.3619,0.2497,0.1639,1.7283
49.3968,0.2827,0.1638,1.6869
49.4296,0.3193,0.1628,1.6442
49.4692,0.3588,0.1609,1.5940
49.4977,0.4011,0.1566,1.5430
49.5307,0.4449,0.1523,1.4861
49.5639,0.4906,0.1480,1.4293
49.5985,0.5388,0.1456,1.3724
49.6300,0.5872,0.1418,1.3122
49.6647,0.6361,0.1384,1.2507
49.6975,0.6853,0.1372,1.1885
49.7351,0.7348,0.1339,1.1244
49.7628,0.7844,0.1335,1.0560
49.7989,0.8358,0.1341,0.9923
49.8299,0.8870,0.1313,0.9290
49.8650,0.9393,0.1282,0.8681
49.9017,0.9895,0.1212,0.7980
49.9315,1.0403,0.1132,0.7345
49.9647,1.0864,0.1088,0.6819
49.9988,1.1236,0.1044,0.6397
50.0307,1.1505,0.0996,0.6051
50.0657,1.1698,0.0966,0.5757
50.0977,1.1814,0.0971,0.5494
50.1327,1.1847,0.0980,0.5127
50.1639,1.1808,0.0984,0.4802
50.1987,1.1722,0.1004,0.4552
50.2341,1.1594,0.1018,0.4339
50.2653,1.1411,0.0971,0.4051
50.2969,1.1204,0.0934,0.3833
50.3318,1.0969,0.0948,0.3593
50.3652,1.0713,0.0972,0.3374
50.3980,1.0453,0.0985,0.3230
50.4320,1.0181,0.0996,0.3080
50.4647,0.9889,0.0990,0.2925
50.4998,0.9584,0.1007,0.2779
50.5307,0.9267,0.0977,0.2612
50.5641,0.8946,0.0959,0.2471
50.5990,0.8606,0.0969,0.2336
50.6337,0.8196,0.0923,0.2374
50.6653,0.7698,0.0905,0.2665
50.6976,0.7142,0.0890,0.3196
50.7315,0.6531,0.0962,0.4054
50.7644,0.5901,0.1020,0.5218
50.8010,0.5231,0.1120,0.6409
50.8307,0.4547,0.1202,0.7714
50.8659,0.3866,0.1265,0.9132
50.8990,0.3209,0.1336,1.0709
50.9320,0.2530,0.1406,1.2232
50.9658,0.1935,0.1468,1.3727
52.3010,0.1386,0.1508,1.4809
52.3353,0.0958,0.1548,1.5667
52.3669,0.0650,0.1576,1.6330
52.3992,0.0446,0.1611,1.6737
52.4341,0.0358,0.1637,1.6999
52.4669,0.0336,0.1638,1.7075
52.4991,0.0392,0.1644,1.7044
52.5327,0.0493,0.1614,1.6888
52.5694,0.0646,0.1605,1.6642
52.6001,0.0825,0.1595,1.6278
52.6335,0.1051,0.1583,1.5878
52.6666,0.1300,0.1564,1.5419
52.6994,0.1574,0.1552,1.4935
52.7337,0.1867,0.1561,1.4386
52.7652,0.2179,0.1528,1.3807
52.8010,0.2505,0.1497,1.3244
52.8339,0.2837,0.1451,1.2615
52.8663,0.3168,0.1398,1.1994
52.8987,0.3505,0.1334,1.1343
52.9332,0.3844,0.1267,1.0684
52.9661,0.4201,0.1221,1.0048
53.0017,0.4554,0.1192,0.9416
53.0380,0.4907,0.1166,0.8762
53.0668,0.5239,0.1155,0.8133
53.0994,0.5505,0.1140,0.7623
53.1343,0.5733,0.1129,0.7226
53.1655,0.5939,0.1127,0.6889
53.2001,0.6142,0.1141,0.6614
53.2352,0.6335,0.1146,0.6380
53.2664,0.6543,0.1154,0.6182
53.2986,0.6755,0.1154,0.6049
53.3327,0.6975,0.1151,0.5949
53.3690,0.7196,0.1149,0.5875
53.3995,0.7418,0.1151,0.5812
53.4327,0.7646,0.1164,0.5771
53.4675,0.7882,0.1171,0.5794
53.5029,0.8124,0.1179,0.5882
53.5340,0.8367,0.1203,0.5990
53.5675,0.8610,0.1212,0.6104
53.6018,0.8857,0.1196,0.6234
53.6332,0.9103,0.1177,0.6388
53.6685,0.9354,0.1202,0.6562
53.7016,0.9598,0.1251,0.6752
53.7328,0.9840,0.1272,0.6944
53.7661,1.0076,0.1279,0.7128
53.8006,1.0318,0.1280,0.7325
53.8322,1.0548,0.1281,0.7493
53.8671,1.0728,0.1282,0.7675
53.9003,1.0714,0.1300,0.8047
53.9338,1.0537,0.1318,0.8452
53.9666,1.0236,0.1350,0.9012
54.0007,0.9836,0.1379,0.9709
54.0342,0.9347,0.1398,1.0475
54.0668,0.8795,0.1427,1.1249
54.0994,0.8188,0.1495,1.2082
54.1360,0.7532,0.1494,1.2972
54.1684,0.6830,0.1535,1.3870
54.2054,0.6103,0.1578,1.4778
54.2339,0.5374,0.1630,1.5713
54.2667,0.4612,0.1661,1.6618
54.3030,0.3875,0.1693,1.7548
54.3347,0.3162,0.1721,1.8371
54.7349,0.2485,0.1736,1.8877
54.7682,0.1974,0.1740,1.9246
54.8028,0.1700,0.1752,1.9508
54.8350,0.1559,0.1760,1.9600
54.8679,0.1538,0.1758,1.9568
54.9035,0.1611,0.1753,1.9425
54.9346,0.1756,0.1758,1.9168
54.9691,0.1996,0.1494,1.8885
55.0029,0.2292,0.1577,1.8524
55.0348,0.2645,0.1552,1.8114
55.0676,0.3038,0.1544,1.7658
55.1008,0.3443,0.1545,1.7120
55.1365,0.3890,0.1538,1.6599
55.1679,0.4351,0.1541,1.6053
55.2057,0.4822,0.1506,1.5480
55.2340,0.5308,0.1492,1.4845
55.2683,0.5801,0.1491,1.4246
55.3020,0.6310,0.1473,1.3613
55.3369,0.6839,0.1453,1.3048
55.3688,0.7364,0.1420,1.2435
55.4062,0.7897,0.1414,1.1825
55.4343,0.8362,0.1405,1.1327
55.4706,0.8731,0.1392,1.0934
55.5009,0.9022,0.1372,1.0638
55.5367,0.9236,0.1354,1.0367
55.5689,0.9381,0.1342,1.0057
55.6036,0.9470,0.1338,0.9753
55.6360,0.9510,0.1338,0.9483
55.6715,0.9503,0.1334,0.9264
55.7026,0.9509,0.1328,0.9089
55.7380,0.9475,0.1323,0.8866
55.7716,0.9413,0.1299,0.8688
55.8023,0.9332,0.1271,0.8547
55.8359,0.9243,0.1248,0.8447
55.8704,0.9131,0.1235,0.8331
55.9023,0.9016,0.1231,0.8263
55.9353,0.8889,0.1239,0.8195
55.9690,0.8771,0.1236,0.8189
56.0015,0.8642,0.1227,0.8173
56.0347,0.8504,0.1208,0.8149
56.0696,0.8362,0.1182,0.8139
56.1033,0.8214,0.1167,0.8130
56.1407,0.8064,0.1168,0.8113
56.1684,0.7907,0.1178,0.8077
56.2032,0.7741,0.1197,0.8025
56.2367,0.7570,0.1209,0.7971
56.2783,0.7405,0.1201,0.7935
56.3037,0.7240,0.1176,0.7884
56.3365,0.7071,0.1141,0.7840
56.3698,0.6856,0.1117,0.7915
56.4047,0.6540,0.1139,0.8162
56.4359,0.6177,0.1173,0.8621
56.4724,0.5769,0.0997,0.9197
56.5023,0.5312,0.1050,0.9888
56.5362,0.4809,0.1156,1.0653
56.5693,0.4315,0.1264,1.1523
56.6037,0.3810,0.1334,1.2448
56.6358,0.3288,0.1388,1.3390
56.6693,0.2743,0.1432,1.4320
56.7046,0.2235,0.1494,1.5332
56.7367,0.1748,0.1548,1.6302
56.7700,0.1306,0.1589,1.7202
57.2368,0.0845,0.1615,1.7828
57.2698,0.0469,0.1636,1.8270
57.3044,0.0148,0.1657,1.8569
57.3397,-0.0105,0.1662,1.8700
57.3715,-0.0282,0.1670,1.8666
57.4045,-0.0398,0.1647,1.8494
57.4390,-0.0456,0.1635,1.8207
57.4709,-0.0465,0.1615,1.7836
57.5031,-0.0427,0.1594,1.7400
57.5373,-0.0381,0.1595,1.6856
57.5718,-0.0318,0.1561,1.6270
57.6035,-0.0214,0.1525,1.5647
57.6382,-0.0091,0.1480,1.5004
57.6727,0.0049,0.1471,1.4320
57.7054,0.0205,0.1476,1.3584
57.7371,0.0373,0.1458,1.2843
57.7712,0.0550,0.1428,1.2104
57.8055,0.0740,0.1431,1.1349
57.8379,0.0922,0.1486,1.0554
57.8738,0.1110,0.1456,0.9774
57.9037,0.1305,0.1397,0.8979
57.9385,0.1498,0.1327,0.8203
57.9721,0.1697,0.1254,0.7414
58.0049,0.1900,0.1173,0.6690
58.0441,0.2070,0.1108,0.6087
58.0713,0.2221,0.1072,0.5629
58.1060,0.2374,0.1029,0.5212
58.1390,0.2543,0.1001,0.4885
58.1700,0.2741,0.0978,0.4634
58.2075,0.2991,0.0954,0.4472
58.2388,0.3281,0.0929,0.4386
58.2709,0.3584,0.0929,0.4300
58.3059,0.3916,0.0924,0.4265
58.3380,0.4282,0.0919,0.4311
58.3707,0.4672,0.0934,0.4423
58.4062,0.5077,0.0921,0.4612
58.4416,0.5498,0.0956,0.4797
58.4739,0.5933,0.1003,0.5011
58.5039,0.6379,0.1052,0.5227
58.5374,0.6829,0.1080,0.5455
58.5708,0.7270,0.1118,0.5616
58.6070,0.7732,0.1111,0.5874
58.6380,0.8179,0.1141,0.6093
58.6726,0.8648,0.1172,0.6404
58.7051,0.9108,0.1191,0.6670
58.7388,0.9496,0.1218,0.7015
58.7715,0.9728,0.1268,0.7540
58.8112,0.9815,0.1292,0.8175
58.8387,0.9770,0.1337,0.8849
58.8748,0.9627,0.1373,0.9630
58.9049,0.9422,0.1405,1.0529
58.9384,0.9145,0.1457,1.1421
58.9711,0.8828,0.1490,1.2362
59.0067,0.8466,0.1515,1.3283
59.0420,0.8093,0.1558,1.4260
59.0716,0.7704,0.1592,1.5232
59.1052,0.7287,0.1646,1.6212
59.1396,0.6850,0.1697,1.7248
59.1737,0.6392,0.1749,1.8268
59.2093,0.5894,0.1801,1.9291
59.2389,0.5401,0.1853,2.0295
59.2750,0.4906,0.1897,2.1222
59.3080,0.4464,0.1926,2.1984
59.3407,0.4059,0.1954,2.2642
59.3736,0.3709,0.1977,2.3203
59.4077,0.3397,0.1998,2.3675
59.4395,0.3101,0.2010,2.4049
59.4728,0.2798,0.2022,2.4294
59.5088,0.2511,0.2039,2.4502
59.5397,0.2234,0.2044,2.4688
59.5716,0.1947,0.2040,2.4774
59.6071,0.1653,0.2031,2.4764
59.6393,0.1363,0.2032,2.4705
59.6729,0.1078,0.2006,2.4503
59.7065,0.0794,0.1989,2.4337
59.7408,0.0553,0.1975,2.4192
59.7746,0.0335,0.1958,2.4046
59.8062,0.0150,0.1945,2.3908
59.8402,-0.0004,0.1931,2.3798
59.8728,-0.0137,0.1923,2.3684
59.9072,-0.0253,0.1920,2.3576
59.9414,-0.0353,0.1915,2.3436
59.9715,-0.0410,0.1903,2.3263
60.0056,-0.0406,0.1909,2.3053
60.0390,-0.0352,0.1886,2.2748
60.0733,-0.0231,0.1871,2.2419
60.1081,-0.0083,0.1854,2.2015
60.1401,0.0128,0.1834,2.1611
60.1749,0.0393,0.1828,2.1192
60.2067,0.0696,0.1809,2.0760
60.2389,0.1020,0.1782,2.0309
60.2757,0.1374,0.1514,1.9855
60.3060,0.1738,0.1624,1.9360
60.3407,0.2109,0.1726,1.8830
60.3728,0.2498,0.1682,1.8304
60.4066,0.2890,0.1649,1.7765
60.4402,0.3279,0.1641,1.7218
60.4753,0.3668,0.1638,1.6674
60.5097,0.4056,0.1605,1.6123
60.5417,0.4454,0.1571,1.5586
60.5723,0.4844,0.1537,1.5051
60.6075,0.5240,0.1497,1.4514
60.6402,0.5639,0.1447,1.3955
60.6740,0.6040,0.1431,1.3428
60.7073,0.6422,0.1400,1.2814
60.7408,0.6828,0.1373,1.2321
60.7734,0.7225,0.1338,1.1807
60.8084,0.7613,0.1334,1.1240
60.8496,0.8001,0.1304,1.0706
60.8771,0.8388,0.1283,1.0179
60.9089,0.8731,0.1289,0.9610
60.9430,0.9011,0.1282,0.9181
60.9736,0.9216,0.1265,0.8828
61.0106,0.9366,0.1261,0.8495
61.0415,0.9457,0.1264,0.8189
61.0752,0.9492,0.1270,0.7918
61.1099,0.9492,0.1263,0.7676
61.1417,0.9460,0.1256,0.7447
61.1746,0.9398,0.1257,0.7242
61.2099,0.9307,0.1253,0.7044
61.2427,0.9183,0.1245,0.6852
61.2770,0.9048,0.1238,0.6666
61.3084,0.8888,0.1225,0.6449
61.3454,0.8713,0.1221,0.6241
61.3733,0.8520,0.1240,0.6027
61.4078,0.8316,0.1228,0.5845
61.4433,0.8108,0.1198,0.5690
61.4763,0.7884,0.1155,0.5498
61.5098,0.7661,0.1125,0.5309
61.5433,0.7436,0.1099,0.5148
61.5755,0.7208,0.1072,0.4986
61.6072,0.6948,0.1060,0.4911
61.6415,0.6604,0.1045,0.5083
61.6760,0.6169,0.1054,0.5540
61.7104,0.5628,0.1101,0.6223
61.7428,0.5057,0.1145,0.7249
61.7740,0.4445,0.1180,0.8525
61.8084,0.3815,0.1248,0.9866
61.8430,0.3125,0.1332,1.1271
61.8742,0.2449,0.1399,1.2791
62.6761,0.1823,0.1447,1.4055
62.7089,0.1325,0.1498,1.5084
62.7437,0.0933,0.1535,1.5848
62.7780,0.0633,0.1558,1.6317
62.8114,0.0455,0.1578,1.6610
62.8433,0.0360,0.1587,1.6732
62.8787,0.0325,0.1589,1.6694
62.9108,0.0347,0.1586,1.6539
62.9418,0.0433,0.1606,1.6298
62.9750,0.0569,0.1595,1.5986
63.0091,0.0711,0.1580,1.5524
63.0447,0.0901,0.1548,1.5040
63.0794,0.1127,0.1520,1.4523
63.1125,0.1374,0.1505,1.3975
63.1430,0.1634,0.1474,1.3394
63.1769,0.1903,0.1426,1.2771
63.2087,0.2186,0.1377,1.2134
63.2430,0.2478,0.1342,1.1503
63.2766,0.2784,0.1271,1.0841
63.3085,0.3085,0.1234,1.0157
63.3425,0.3393,0.1224,0.9474
63.3777,0.3705,0.1183,0.8774
63.4080,0.4022,0.1142,0.8106
63.4441,0.4328,0.1109,0.7437
63.4788,0.4563,0.1075,0.6894
63.5112,0.4767,0.1056,0.6483
63.5433,0.4951,0.1029,0.6158
63.5774,0.5129,0.1015,0.5883
63.6108,0.5308,0.1003,0.5673
63.6462,0.5506,0.0994,0.5507
63.6797,0.5740,0.1003,0.5391
63.7144,0.5993,0.1048,0.5317
63.7436,0.6266,0.1071,0.5290
63.7791,0.6550,0.1082,0.5268
63.8112,0.6856,0.1086,0.5284
63.8423,0.7164,0.1120,0.5275
63.8804,0.7498,0.1128,0.5349
63.9112,0.7822,0.1122,0.5378
63.9442,0.8153,0.1114,0.5402
63.9763,0.8492,0.1136,0.5481
64.0097,0.8837,0.1160,0.5595
64.0443,0.9177,0.1188,0.5702
64.0785,0.9525,0.1243,0.5850
64.1102,0.9873,0.1285,0.5997
64.1447,1.0232,0.1308,0.6167
64.1773,1.0568,0.1344,0.6375
64.2113,1.0679,0.1339,0.6705
64.2417,1.0595,0.1336,0.7176
64.2778,1.0342,0.1369,0.7830
64.3093,0.9964,0.1380,0.8608
64.3432,0.9453,0.1398,0.9371
64.3759,0.8864,0.1413,1.0233
64.4089,0.8205,0.1468,1.1141
64.4465,0.7475,0.1557,1.2106
64.4782,0.6697,0.1586,1.3093
64.5105,0.5896,0.1612,1.4089
64.5456,0.5080,0.1636,1.5113
64.5753,0.4240,0.1673,1.6141
64.6094,0.3419,0.1696,1.7053
65.3102,0.2641,0.1707,1.7697
65.3442,0.1987,0.1716,1.8163
65.3754,0.1455,0.1718,1.8491
65.4110,0.1052,0.1712,1.8681
65.4451,0.0744,0.1712,1.8681
65.4776,0.0543,0.1702,1.8578
65.5106,0.0425,0.1689,1.8393
65.5448,0.0381,0.1676,1.8100
65.5756,0.0384,0.1657,1.7728
65.6118,0.0432,0.1669,1.7295
65.6432,0.0530,0.1632,1.6812
65.6771,0.0633,0.1649,1.6226
65.7092,0.0798,0.1595,1.5659
65.7433,0.0992,0.1563,1.5049
65.7787,0.1209,0.1559,1.4447
65.8106,0.1437,0.1531,1.3831
65.8433,0.1682,0.1507,1.3189
65.8783,0.1940,0.1448,1.2549
65.9099,0.2210,0.1397,1.1886
65.9429,0.2486,0.1345,1.1229
65.9758,0.2768,0.1265,1.0554
66.0093,0.3052,0.1222,0.9857
66.0443,0.3341,0.1201,0.9183
66.0780,0.3636,0.1166,0.8490
66.1094,0.3937,0.1124,0.7814
66.1436,0.4201,0.1089,0.7240
66.1761,0.4419,0.1068,0.6777
66.2099,0.4603,0.1052,0.6420
66.2424,0.4779,0.1027,0.6142
66.2767,0.4910,0.1016,0.5844
66.3092,0.5064,0.0995,0.5615
66.3451,0.5262,0.0980,0.5458
66.3787,0.5476,0.0971,0.5337
66.4102,0.5717,0.0989,0.5283
66.4441,0.5961,0.1016,0.5249
66.4795,0.6208,0.1043,0.5220
66.5114,0.6475,0.1061,0.5267
66.5442,0.6750,0.1077,0.5307
66.5783,0.7035,0.1091,0.5365
66.6106,0.7325,0.1116,0.5437
66.6454,0.7608,0.1131,0.5545
66.6773,0.7892,0.1140,0.5625
66.7109,0.8187,0.1164,0.5749
66.7451,0.8476,0.1174,0.5855
66.7767,0.8769,0.1173,0.5990
66.8101,0.9064,0.1199,0.6127
66.8444,0.9354,0.1245,0.6265
66.8780,0.9635,0.1288,0.6372
66.9107,0.9929,0.1314,0.6506
66.9455,1.0211,0.1325,0.6620
66.9766,1.0500,0.1335,0.6728
67.0102,1.0782,0.1358,0.6820
67.0428,1.0928,0.1347,0.6992
67.0782,1.0934,0.1330,0.7279
67.1117,1.0789,0.1346,0.7772
67.1456,1.0520,0.1377,0.8530
67.1777,1.0135,0.1411,0.9392
67.2132,0.9695,0.1442,1.0273
67.2456,0.9198,0.1472,1.1214
67.2779,0.8638,0.1506,1.2211
67.3125,0.8039,0.1551,1.3241
67.3461,0.7413,0.1594,1.4288
67.3785,0.6765,0.1645,1.5354
67.4113,0.6124,0.1691,1.6437
67.4467,0.5461,0.1731,1.7507
67.4802,0.4794,0.1774,1.8552
67.5135,0.4162,0.1830,1.9558
67.5442,0.3558,0.1859,2.0456
68.0780,0.3108,0.1904,2.1371
68.1108,0.2712,0.1926,2.2090
68.1441,0.2371,0.1934,2.2658
68.1805,0.2071,0.1955,2.3102
68.2128,0.1774,0.1968,2.3449
68.2438,0.1513,0.1977,2.3726
68.2799,0.1276,0.1962,2.3924
68.3126,0.1142,0.1977,2.4154
68.3467,0.0973,0.1977,2.4297
68.3781,0.0818,0.1969,2.4421
68.4122,0.0686,0.1960,2.4530
68.4458,0.0605,0.1973,2.4679
68.4783,0.0537,0.1974,2.4835
69.8466,0.0270,0.1952,2.4462
69.8866,0.0046,0.1932,2.4055
69.9109,-0.0139,0.1917,2.3701
69.9460,-0.0269,0.1897,2.3350
69.9778,-0.0347,0.1892,2.3003
70.0118,-0.0384,0.1861,2.2607
70.0442,-0.0346,0.1846,2.2241
70.0806,-0.0278,0.1829,2.1843
70.1124,-0.0184,0.1818,2.1425
70.1463,-0.0057,0.1797,2.1011
70.1824,0.0101,0.1780,2.0604
70.2133,0.0276,0.1758,2.0184
70.2465,0.0461,0.1740,1.9745
70.2786,0.0669,0.1737,1.9316
70.3107,0.0879,0.1477,1.8869
70.3450,0.1099,0.1255,1.8416
70.3770,0.1326,0.1405,1.7956
70.4147,0.1562,0.1423,1.7512
70.4444,0.1803,0.1425,1.7062
70.4784,0.2049,0.1447,1.6617
70.5130,0.2296,0.1446,1.6168
70.5446,0.2552,0.1480,1.5735
70.5783,0.2812,0.1473,1.5307
70.6115,0.3064,0.1449,1.4866
70.6455,0.3322,0.1448,1.4444
70.6865,0.3575,0.1425,1.4011
70.7109,0.3826,0.1399,1.3611
70.7453,0.4080,0.1389,1.3202
70.7772,0.4330,0.1371,1.2785
70.8111,0.4580,0.1364,1.2386
70.8442,0.4826,0.1357,1.1992
70.8799,0.5073,0.1327,1.1601
70.9123,0.5318,0.1280,1.1202
70.9458,0.5563,0.1247,1.0813
70.9779,0.5799,0.1240,1.0413
71.0129,0.6025,0.1224,1.0002
71.0440,0.6251,0.1215,0.9588
71.0786,0.6492,0.1234,0.9194
71.1115,0.6729,0.1243,0.8837
71.1451,0.6967,0.1244,0.8468
71.1775,0.7207,0.1238,0.8086
71.2135,0.7402,0.1228,0.7727
71.2474,0.7581,0.1230,0.7479
71.2788,0.7780,0.1245,0.7325
71.3121,0.8003,0.1240,0.7227
71.3453,0.8246,0.1261,0.7189
71.3791,0.8489,0.1271,0.7177
71.4120,0.8740,0.1249,0.7200
71.4442,0.9004,0.1228,0.7262
71.4786,0.9281,0.1258,0.7336
71.5114,0.9565,0.1282,0.7461
71.5466,0.9843,0.1288,0.7568
71.5794,1.0124,0.1287,0.7699
71.6136,1.0417,0.1283,0.7821
71.6469,1.0717,0.1302,0.7945
71.6783,1.1024,0.1338,0.8080
71.7116,1.1319,0.1370,0.8273
71.7474,1.1623,0.1386,0.8503
71.7782,1.1927,0.1401,0.8736
71.8136,1.2051,0.1434,0.9152
71.8479,1.1976,0.1478,0.9729
71.8799,1.1731,0.1498,1.0351
71.9111,1.1351,0.1529,1.1052
71.9462,1.0865,0.1550,1.1831
71.9797,1.0294,0.1560,1.2660
72.0134,0.9664,0.1572,1.3536
72.0467,0.8965,0.1623,1.4431
72.0794,0.8226,0.1654,1.5361
72.1160,0.7445,0.1693,1.6290
72.1467,0.6652,0.1734,1.7264
72.1785,0.5871,0.1765,1.8244
72.2145,0.5090,0.1801,1.9236
72.2467,0.4313,0.1827,2.0062
72.7460,0.3700,0.1848,2.0932
72.7824,0.3170,0.1874,2.1637
72.8455,0.2746,0.1895,2.2301
72.8797,0.2397,0.1922,2.2900
72.9130,0.2127,0.1952,2.3464
72.9465,0.1938,0.1974,2.3987
72.9818,0.1755,0.1992,2.4428
73.0134,0.1632,0.2015,2.4812
73.0451,0.1555,0.2043,2.5138
73.0814,0.1492,0.2067,2.5416
73.1177,0.1429,0.2079,2.5678
