time,x_m,y_m,z_m
0.7714,0.3413,0.1166,0.6427
0.8012,0.3419,0.1167,0.6438
0.8360,0.3425,0.1167,0.6459
0.8680,0.3427,0.1115,0.6729
0.9016,0.3446,0.1124,0.6717
0.9345,0.3458,0.1130,0.6707
0.9679,0.3479,0.1063,0.7000
1.0033,0.3485,0.1017,0.7219
1.0357,0.3497,0.0972,0.7425
1.0681,0.3506,0.0937,0.7591
1.1035,0.3516,0.0899,0.7751
1.1369,0.3518,0.0875,0.7867
1.1684,0.3523,0.0854,0.7966
1.2010,0.3535,0.0829,0.8070
1.2348,0.3541,0.0807,0.8159
1.2679,0.3550,0.0788,0.8234
1.3021,0.3547,0.0781,0.8278
1.3343,0.3549,0.0771,0.8325
1.3701,0.3557,0.0758,0.8376
1.4027,0.3558,0.0752,0.8408
1.4351,0.3559,0.0747,0.8436
1.4678,0.3560,0.0742,0.8460
1.5017,0.3562,0.0733,0.8490
1.5368,0.3564,0.0726,0.8515
1.5689,0.3560,0.0724,0.8527
1.6012,0.3561,0.0723,0.8537
1.6350,0.3563,0.0717,0.8555
1.6698,0.3556,0.0724,0.8541
1.7029,0.3557,0.0723,0.8549
1.7347,0.3558,0.0722,0.8556
1.7690,0.3561,0.0716,0.8571
1.8017,0.3561,0.0716,0.8575
1.8349,0.3562,0.0716,0.8578
1.8682,0.3562,0.0716,0.8580
1.9018,0.3557,0.0720,0.8572
1.9349,0.3558,0.0719,0.8575
1.9686,0.3559,0.0719,0.8578
2.0014,0.3561,0.0714,0.8590
2.0349,0.3562,0.0714,0.8591
2.0676,0.3562,0.0714,0.8591
2.1029,0.3563,0.0715,0.8592
2.1347,0.3559,0.0715,0.8592
2.1685,0.3554,0.0719,0.8582
2.2012,0.3556,0.0718,0.8584
2.2353,0.3557,0.0718,0.8586
2.2690,0.3557,0.0721,0.8577
2.3043,0.3551,0.0727,0.8560
2.3350,0.3552,0.0728,0.8555
2.3713,0.3554,0.0727,0.8561
2.4016,0.3555,0.0725,0.8566
2.4351,0.3550,0.0730,0.8550
2.4685,0.3550,0.0731,0.8547
2.5017,0.3551,0.0732,0.8544
2.5353,0.3552,0.0733,0.8541
2.5686,0.3550,0.0731,0.8549
2.6017,0.3548,0.0729,0.8556
2.6360,0.3545,0.0730,0.8552
2.6704,0.3548,0.0728,0.8558
2.7033,0.3550,0.0726,0.8563
2.7356,0.3547,0.0728,0.8558
2.7707,0.3544,0.0730,0.8553
2.8038,0.3542,0.0731,0.8550
2.8356,0.3544,0.0732,0.8546
2.8686,0.3547,0.0730,0.8553
2.9027,0.3537,0.0737,0.8530
2.9369,0.3540,0.0737,0.8529
2.9694,0.3538,0.0737,0.8529
3.0020,0.3541,0.0737,0.8529
3.0361,0.3539,0.0737,0.8529
3.0699,0.3541,0.0738,0.8529
3.1045,0.3538,0.0741,0.8518
3.1360,0.3535,0.0743,0.8510
3.1700,0.3525,0.0746,0.8503
3.2017,0.3531,0.0741,0.8516
3.2358,0.3530,0.0741,0.8518
3.2693,0.3530,0.0740,0.8519
3.3030,0.3535,0.0737,0.8531
3.3365,0.3540,0.0734,0.8540
3.3701,0.3542,0.0735,0.8538
3.4026,0.3538,0.0738,0.8527
3.4363,0.3535,0.0741,0.8517
3.4705,0.3538,0.0741,0.8519
3.5040,0.3537,0.0740,0.8520
3.5358,0.3536,0.0740,0.8521
3.5695,0.3534,0.0740,0.8522
3.6022,0.3539,0.0736,0.8533
3.6361,0.3536,0.0740,0.8522
3.6710,0.3535,0.0739,0.8523
3.7031,0.3534,0.0739,0.8524
3.7375,0.3537,0.0739,0.8524
3.7697,0.3530,0.0742,0.8515
3.8027,0.3525,0.0744,0.8507
3.8366,0.3525,0.0743,0.8510
3.8698,0.3526,0.0743,0.8513
3.9039,0.3526,0.0742,0.8515
3.9361,0.3526,0.0741,0.8517
3.9710,0.3531,0.0741,0.8518
4.0037,0.3534,0.0740,0.8520
4.0364,0.3537,0.0740,0.8521
4.0713,0.3531,0.0743,0.8512
4.1032,0.3525,0.0745,0.8504
4.1379,0.3525,0.0744,0.8508
4.1702,0.3526,0.0743,0.8511
4.2031,0.3530,0.0742,0.8513
4.2379,0.3528,0.0745,0.8506
4.2714,0.3528,0.0744,0.8509
4.3032,0.3523,0.0746,0.8502
4.3368,0.3524,0.0745,0.8506
4.3710,0.3525,0.0744,0.8509
4.4030,0.3525,0.0743,0.8512
4.4369,0.3526,0.0742,0.8514
4.4713,0.3526,0.0741,0.8516
4.5044,0.3526,0.0741,0.8518
4.5365,0.3527,0.0740,0.8519
4.5703,0.3531,0.0740,0.8521
4.6046,0.3531,0.0740,0.8522
4.6371,0.3525,0.0743,0.8513
4.6703,0.3525,0.0742,0.8515
4.7054,0.3526,0.0741,0.8517
4.7390,0.3521,0.0744,0.8508
4.7722,0.3517,0.0746,0.8501
4.8048,0.3510,0.0754,0.8475
4.8373,0.3513,0.0752,0.8483
4.8714,0.3514,0.0753,0.8480
4.9050,0.3516,0.0751,0.8487
4.9369,0.3518,0.0749,0.8493
4.9706,0.3525,0.0744,0.8508
5.0056,0.3525,0.0743,0.8511
5.0384,0.3526,0.0742,0.8514
5.0701,0.3525,0.0745,0.8506
5.1039,0.3531,0.0741,0.8519
5.1369,0.3536,0.0737,0.8530
5.1706,0.3535,0.0737,0.8530
5.2045,0.3534,0.0737,0.8529
5.2381,0.3533,0.0737,0.8529
5.2703,0.3532,0.0737,0.8529
5.3041,0.3532,0.0737,0.8529
5.3370,0.3531,0.0738,0.8529
5.3718,0.3531,0.0738,0.8528
5.4038,0.3530,0.0738,0.8528
5.4377,0.3530,0.0738,0.8528
5.4721,0.3535,0.0735,0.8538
5.5053,0.3534,0.0735,0.8536
5.5373,0.3528,0.0739,0.8525
5.5719,0.3528,0.0738,0.8526
5.6040,0.3528,0.0738,0.8526
5.6387,0.3532,0.0738,0.8526
5.6729,0.3532,0.0738,0.8526
5.7064,0.3531,0.0738,0.8527
5.7375,0.3531,0.0738,0.8527
5.7713,0.3530,0.0738,0.8527
5.8042,0.3526,0.0738,0.8527
5.8392,0.3526,0.0738,0.8527
5.8722,0.3527,0.0738,0.8527
5.9047,0.3527,0.0738,0.8527
5.9378,0.3527,0.0738,0.8527
5.9716,0.3531,0.0738,0.8527
6.0065,0.3531,0.0738,0.8527
6.0376,0.3525,0.0741,0.8517
6.0717,0.3526,0.0741,0.8519
6.1049,0.3525,0.0743,0.8510
6.1390,0.3525,0.0742,0.8513
6.1715,0.3526,0.0742,0.8515
6.2061,0.3526,0.0741,0.8517
6.2389,0.3520,0.0747,0.8499
6.2712,0.3515,0.0749,0.8493
6.3055,0.3517,0.0747,0.8498
6.3377,0.3524,0.0743,0.8513
6.3727,0.3525,0.0742,0.8515
6.4058,0.3526,0.0741,0.8517
6.4384,0.3525,0.0744,0.8508
6.4737,0.3525,0.0743,0.8511
6.5051,0.3526,0.0742,0.8514
6.5381,0.3526,0.0742,0.8516
6.5716,0.3532,0.0738,0.8528
6.6061,0.3531,0.0738,0.8528
6.6381,0.3531,0.0738,0.8528
6.6714,0.3529,0.0741,0.8518
6.7051,0.3533,0.0741,0.8519
6.7382,0.3532,0.0740,0.8520
6.7738,0.3532,0.0740,0.8522
6.8065,0.3531,0.0739,0.8522
6.8400,0.3531,0.0739,0.8523
6.8737,0.3524,0.0745,0.8504
6.9076,0.3524,0.0744,0.8507
6.9412,0.3520,0.0746,0.8501
6.9738,0.3521,0.0745,0.8505
7.0075,0.3522,0.0744,0.8508
7.0400,0.3521,0.0746,0.8501
7.0740,0.3523,0.0745,0.8505
7.1077,0.3518,0.0747,0.8498
7.1400,0.3520,0.0746,0.8503
7.1753,0.3521,0.0744,0.8507
7.2071,0.3515,0.0750,0.8490
7.2396,0.3517,0.0748,0.8495
7.2734,0.3519,0.0746,0.8500
7.3080,0.3519,0.0748,0.8494
7.3410,0.3520,0.0747,0.8499
7.3755,0.3516,0.0749,0.8494
7.4086,0.3509,0.0750,0.8489
7.4394,0.3517,0.0745,0.8505
7.4727,0.3523,0.0744,0.8508
7.5063,0.3524,0.0743,0.8511
7.5393,0.3519,0.0745,0.8504
7.5731,0.3520,0.0744,0.8507
7.6076,0.3515,0.0750,0.8490
7.6409,0.3517,0.0748,0.8496
7.6735,0.3517,0.0749,0.8491
7.7065,0.3519,0.0748,0.8496
7.7395,0.3520,0.0746,0.8501
7.7745,0.3523,0.0742,0.8515
7.8058,0.3524,0.0741,0.8517
7.8393,0.3519,0.0744,0.8508
7.8721,0.3515,0.0746,0.8501
7.9061,0.3517,0.0745,0.8505
7.9413,0.3519,0.0744,0.8509
7.9744,0.3520,0.0743,0.8511
8.0059,0.3521,0.0742,0.8514
8.0404,0.3523,0.0742,0.8516
8.0737,0.3523,0.0741,0.8518
8.1067,0.3519,0.0744,0.8509
8.1394,0.3515,0.0746,0.8502
8.1737,0.3517,0.0745,0.8506
8.2068,0.3513,0.0747,0.8499
8.2410,0.3514,0.0749,0.8493
8.2732,0.3520,0.0747,0.8499
8.3066,0.3521,0.0746,0.8503
8.3419,0.3522,0.0744,0.8507
8.3764,0.3527,0.0743,0.8510
8.4065,0.3527,0.0743,0.8513
8.4402,0.3528,0.0742,0.8515
8.4731,0.3528,0.0741,0.8517
8.5069,0.3522,0.0744,0.8508
8.5400,0.3523,0.0743,0.8511
8.5748,0.3529,0.0739,0.8524
8.6063,0.3524,0.0742,0.8514
8.6400,0.3525,0.0741,0.8516
8.6728,0.3524,0.0744,0.8508
8.7083,0.3530,0.0740,0.8521
8.7401,0.3530,0.0740,0.8522
8.7752,0.3533,0.0739,0.8523
8.8079,0.3533,0.0739,0.8524
8.8403,0.3532,0.0739,0.8524
8.8750,0.3535,0.0739,0.8525
8.9072,0.3547,0.0725,0.8555
8.9400,0.3559,0.0705,0.8600
8.9751,0.3573,0.0687,0.8638
9.0086,0.3586,0.0673,0.8671
9.0411,0.3597,0.0655,0.8708
9.0735,0.3606,0.0645,0.8730
9.1070,0.3615,0.0631,0.8759
9.1418,0.3621,0.0625,0.8773
9.1741,0.3627,0.0614,0.8796
9.2085,0.3637,0.0605,0.8814
9.2413,0.3645,0.0597,0.8830
9.2738,0.3651,0.0590,0.8844
9.3070,0.3657,0.0584,0.8855
9.3406,0.3662,0.0579,0.8865
9.3778,0.3663,0.0575,0.8874
9.4068,0.3663,0.0572,0.8881
9.4410,0.3663,0.0569,0.8887
9.4741,0.3658,0.0572,0.8882
9.5075,0.3653,0.0575,0.8878
9.5431,0.3654,0.0577,0.8875
9.5753,0.3652,0.0584,0.8862
9.6073,0.3649,0.0585,0.8861
9.6407,0.3650,0.0586,0.8860
9.6739,0.3645,0.0592,0.8850
9.7081,0.3640,0.0600,0.8831
9.7409,0.3630,0.0612,0.8805
9.7746,0.3622,0.0623,0.8784
9.8088,0.3612,0.0640,0.8745
9.8414,0.3604,0.0652,0.8722
9.8752,0.3597,0.0665,0.8693
9.9074,0.3592,0.0672,0.8678
9.9413,0.3587,0.0682,0.8656
9.9756,0.3576,0.0694,0.8627
10.0080,0.3569,0.0700,0.8612
10.0415,0.3568,0.0703,0.8609
10.0748,0.3566,0.0708,0.8597
10.1091,0.3566,0.0709,0.8596
10.1407,0.3564,0.0714,0.8586
10.1759,0.3559,0.0717,0.8577
10.2086,0.3560,0.0717,0.8580
10.2422,0.3555,0.0720,0.8572
10.2744,0.3556,0.0720,0.8575
10.3087,0.3552,0.0723,0.8568
10.3413,0.3549,0.0725,0.8562
10.3786,0.3551,0.0724,0.8567
10.4100,0.3553,0.0723,0.8571
10.4423,0.3549,0.0725,0.8564
10.4745,0.3546,0.0727,0.8559
10.5084,0.3545,0.0725,0.8564
10.5412,0.3543,0.0727,0.8559
10.5752,0.3540,0.0729,0.8554
10.6081,0.3539,0.0730,0.8550
10.6418,0.3536,0.0734,0.8537
10.6754,0.3540,0.0732,0.8545
10.7102,0.3544,0.0730,0.8553
10.7420,0.3541,0.0731,0.8549
10.7766,0.3539,0.0732,0.8546
10.8122,0.3538,0.0733,0.8543
10.8429,0.3536,0.0734,0.8541
10.8754,0.3535,0.0734,0.8539
10.9088,0.3533,0.0738,0.8527
10.9418,0.3532,0.0738,0.8527
10.9762,0.3532,0.0738,0.8527
11.0102,0.3531,0.0738,0.8527
11.0418,0.3525,0.0741,0.8517
11.0750,0.3526,0.0741,0.8519
11.1101,0.3526,0.0740,0.8520
11.1419,0.3527,0.0740,0.8521
11.1767,0.3527,0.0739,0.8522
11.2104,0.3532,0.0736,0.8533
11.2424,0.3532,0.0736,0.8532
11.2749,0.3531,0.0737,0.8532
11.3089,0.3525,0.0740,0.8521
11.3423,0.3526,0.0740,0.8522
11.3798,0.3526,0.0739,0.8523
11.4097,0.3527,0.0739,0.8524
11.4422,0.3525,0.0742,0.8514
11.4752,0.3526,0.0741,0.8516
11.5089,0.3522,0.0741,0.8518
11.5439,0.3515,0.0740,0.8519
11.5759,0.3527,0.0723,0.8560
11.6089,0.3569,0.0701,0.8575
11.6422,0.3643,0.0700,0.8518
11.6753,0.3751,0.0689,0.8450
11.7092,0.3871,0.0682,0.8362
11.7425,0.3997,0.0663,0.8245
11.7760,0.4112,0.0622,0.8146
11.8087,0.4210,0.0594,0.8103
11.8426,0.4295,0.0566,0.8077
11.8748,0.4372,0.0525,0.8034
11.9092,0.4445,0.0488,0.7988
11.9418,0.4511,0.0456,0.7948
11.9765,0.4570,0.0426,0.7904
12.0100,0.4627,0.0460,0.7856
12.0419,0.4677,0.0477,0.7826
12.0750,0.4729,0.0515,0.7811
12.1096,0.4775,0.0557,0.7787
12.1423,0.4820,0.0602,0.7778
12.1762,0.4862,0.0641,0.7770
12.2085,0.4902,0.0677,0.7763
12.2429,0.4931,0.0700,0.7747
12.2769,0.4963,0.0734,0.7733
12.3093,0.4992,0.0756,0.7732
12.3418,0.5020,0.0775,0.7731
12.3793,0.5044,0.0792,0.7730
12.4102,0.5069,0.0812,0.7730
12.4442,0.5093,0.0835,0.7719
12.4764,0.5114,0.0853,0.7720
12.5101,0.5132,0.0867,0.7721
12.5432,0.5153,0.0884,0.7732
12.5765,0.5174,0.0901,0.7741
12.6128,0.5192,0.0915,0.7749
12.6457,0.5212,0.0927,0.7756
12.6763,0.5228,0.0938,0.7762
12.7118,0.5242,0.0947,0.7767
12.7443,0.5253,0.0950,0.7761
12.7778,0.5264,0.0957,0.7766
12.8101,0.5257,0.0946,0.7822
12.8445,0.5184,0.0830,0.8035
12.8789,0.5068,0.0731,0.8401
12.9123,0.4900,0.0692,0.8823
12.9445,0.4696,0.0750,0.9298
12.9796,0.4466,0.0855,0.9819
13.0125,0.4223,0.1004,1.0388
13.0451,0.3964,0.1187,1.0978
13.0774,0.3697,0.1325,1.1586
13.1113,0.3407,0.1428,1.2200
13.1446,0.3138,0.1568,1.2873
13.1788,0.2848,0.1580,1.3536
13.2122,0.2546,0.1588,1.4197
13.2457,0.2239,0.1607,1.4877
13.2781,0.1948,0.1623,1.5594
13.3118,0.1628,0.1641,1.6284
13.3441,0.1310,0.1656,1.6997
13.3794,0.1003,0.1692,1.7700
13.4124,0.0696,0.1718,1.8330
13.4451,0.0415,0.1734,1.8918
13.4771,0.0223,0.1766,1.9583
13.8761,0.0086,0.1790,1.9909
13.9103,0.0020,0.1798,2.0179
13.9429,0.0034,0.1806,2.0302
13.9771,0.0129,0.1810,2.0287
14.0096,0.0280,0.1787,2.0157
14.0442,0.0479,0.1753,1.9930
14.0768,0.0716,0.1556,1.9613
14.3250,0.1069,0.1546,1.9123
14.3419,0.1724,0.1535,1.8181
14.3731,0.2352,0.1373,1.7295
14.3906,0.2949,0.1225,1.6436
14.4126,0.3525,0.1128,1.5588
14.4432,0.4077,0.1019,1.4779
14.4941,0.4610,0.0955,1.3961
14.5126,0.5144,0.0859,1.3209
14.5454,0.5639,0.0805,1.2441
14.5772,0.6128,0.0767,1.1684
14.6122,0.6619,0.0709,1.0987
14.6439,0.7105,0.0678,1.0297
14.6774,0.7516,0.0665,0.9641
14.7112,0.7771,0.0711,0.9129
14.7441,0.7883,0.0750,0.8783
14.7790,0.7892,0.0749,0.8728
14.8113,0.7768,0.0719,0.8902
14.8438,0.7573,0.0655,0.9286
14.8772,0.7323,0.0643,0.9645
14.9105,0.7034,0.0640,1.0039
14.9453,0.6697,0.0621,1.0489
14.9809,0.6331,0.0585,1.1024
15.0116,0.5963,0.0542,1.1635
15.0445,0.5564,0.0520,1.2218
15.0793,0.5152,0.0493,1.2819
15.1131,0.4735,0.0462,1.3447
15.1452,0.4301,0.0440,1.4042
15.1785,0.3876,0.0408,1.4670
15.2116,0.3443,0.0398,1.5285
15.2454,0.3006,0.0386,1.5899
15.2796,0.2569,0.0371,1.6530
15.3124,0.2132,0.0345,1.7166
15.3455,0.1711,0.0309,1.7831
15.3809,0.1276,0.0322,1.8391
15.4120,0.0876,0.0331,1.8895
15.4455,0.0695,0.0411,1.9695
15.7792,0.0353,0.0618,1.9971
15.8125,0.0118,0.0675,2.0190
15.8463,-0.0023,0.0741,2.0301
15.8788,-0.0020,0.0677,2.0346
15.9946,0.0130,0.0841,2.0159
16.0114,0.0336,0.0958,1.9895
16.0404,0.0596,0.0870,1.9578
16.1939,0.0972,0.1017,1.9100
16.2288,0.1611,0.0923,1.8316
16.4805,0.2216,0.0853,1.7571
16.4981,0.3226,0.0939,1.6307
16.5242,0.4160,0.0988,1.5155
16.5452,0.5016,0.1037,1.4076
16.5790,0.5779,0.1071,1.3074
16.6118,0.6338,0.1107,1.2398
16.6457,0.6691,0.1142,1.2014
16.6785,0.6918,0.1185,1.1865
16.7127,0.7017,0.1221,1.1912
16.7462,0.7022,0.1284,1.2174
16.7791,0.6944,0.1139,1.2501
16.8131,0.6800,0.1017,1.2940
16.8474,0.6605,0.1008,1.3479
16.8794,0.6358,0.1149,1.4030
16.9125,0.6076,0.1230,1.4634
16.9463,0.5774,0.1307,1.5295
16.9795,0.5454,0.1399,1.5997
17.0121,0.5119,0.1481,1.6729
17.0459,0.4776,0.1558,1.7525
17.0790,0.4416,0.1620,1.8343
17.1147,0.4039,0.1669,1.9156
17.1466,0.3639,0.1721,1.9975
17.1796,0.3262,0.1774,2.0829
17.2126,0.2904,0.1813,2.1600
17.2463,0.2540,0.1862,2.2229
17.2788,0.2212,0.1891,2.2714
17.3140,0.1949,0.1915,2.3096
17.3460,0.1735,0.1936,2.3429
17.3811,0.1555,0.1954,2.3710
17.4133,0.1403,0.1977,2.3988
17.4462,0.1272,0.1998,2.4259
17.4808,0.1188,0.1999,2.4340
17.5136,0.1167,0.1987,2.4236
17.5461,0.1197,0.1967,2.3940
17.5805,0.1281,0.1956,2.3498
17.6134,0.1425,0.1942,2.2976
17.6458,0.1613,0.1921,2.2393
17.6798,0.1841,0.1902,2.1767
17.7137,0.2097,0.1828,2.1088
17.7471,0.2371,0.1818,2.0373
17.7800,0.2658,0.1642,1.9621
17.8131,0.2958,0.1411,1.8864
17.8464,0.3269,0.1269,1.8087
17.8807,0.3573,0.1187,1.7277
17.9141,0.3897,0.1042,1.6494
17.9467,0.4225,0.1073,1.5705
17.9802,0.4555,0.1101,1.4868
18.0145,0.4885,0.1094,1.4046
18.0459,0.5203,0.1106,1.3161
18.0792,0.5533,0.1101,1.2295
18.1139,0.5860,0.1129,1.1473
18.1470,0.6194,0.1141,1.0640
18.1802,0.6523,0.1142,0.9827
18.2130,0.6802,0.1140,0.9051
18.2466,0.6984,0.1115,0.8476
18.2806,0.7073,0.1111,0.8115
18.3132,0.7096,0.1114,0.8048
18.3476,0.7052,0.1098,0.8230
18.3840,0.6950,0.1103,0.8460
18.4136,0.6814,0.1138,0.8745
18.4467,0.6662,0.1148,0.9135
18.4804,0.6484,0.1083,0.9613
18.5132,0.6305,0.1011,1.0128
18.5468,0.6114,0.0937,1.0639
18.5805,0.5911,0.0839,1.1167
18.6133,0.5700,0.0719,1.1677
18.6470,0.5497,0.0660,1.2211
18.6821,0.5289,0.0779,1.2753
18.7139,0.5087,0.0932,1.3288
18.7470,0.4876,0.0792,1.3830
18.7808,0.4656,0.0926,1.4370
18.8131,0.4443,0.1072,1.4927
18.8474,0.4234,0.1170,1.5492
18.8806,0.4021,0.1259,1.6056
18.9136,0.3799,0.1324,1.6600
18.9481,0.3565,0.1405,1.7136
18.9810,0.3343,0.1478,1.7698
19.0145,0.3115,0.1546,1.8258
19.0475,0.2864,0.1591,1.8768
19.0809,0.2615,0.1630,1.9285
19.1144,0.2395,0.1670,1.9832
19.1483,0.2112,0.1693,2.0312
19.1810,0.1899,0.1741,2.0808
19.2138,0.1750,0.1779,2.1281
19.2474,0.1615,0.1810,2.1651
19.2811,0.1497,0.1839,2.1900
19.3139,0.1486,0.1850,2.1988
19.3479,0.1562,0.1843,2.1872
19.3822,0.1672,0.1827,2.1567
19.4144,0.1846,0.1825,2.1151
19.4474,0.2051,0.1832,2.0647
19.4806,0.2289,0.1557,2.0063
19.5146,0.2533,0.1564,1.9389
19.5490,0.2786,0.1347,1.8706
19.5811,0.3048,0.1196,1.7974
19.6137,0.3321,0.1101,1.7218
19.6485,0.3596,0.1054,1.6436
19.6805,0.3880,0.1075,1.5638
19.7137,0.4172,0.1113,1.4819
19.7474,0.4458,0.1109,1.3985
19.7809,0.4738,0.1100,1.3129
19.8161,0.5019,0.1113,1.2267
19.8472,0.5310,0.1116,1.1427
19.8824,0.5598,0.1125,1.0565
19.9144,0.5885,0.1112,0.9727
19.9479,0.6183,0.1091,0.8879
19.9807,0.6480,0.1039,0.8030
20.0140,0.6771,0.1030,0.7187
20.0486,0.7023,0.1032,0.6402
20.0812,0.7161,0.0993,0.5911
20.1153,0.7194,0.1020,0.5685
20.1491,0.7139,0.1020,0.5765
20.1812,0.7007,0.1023,0.6122
20.2146,0.6792,0.1045,0.6563
20.2483,0.6538,0.1077,0.7176
20.2821,0.6267,0.1009,0.7963
20.3143,0.5959,0.0913,0.8812
20.3484,0.5617,0.1056,0.9748
20.3823,0.5248,0.0897,1.0745
20.4150,0.4871,0.1036,1.1817
20.4478,0.4460,0.1159,1.2897
20.4838,0.4055,0.1252,1.4035
20.5158,0.3635,0.1344,1.5197
20.5480,0.3212,0.1445,1.6414
20.5818,0.2767,0.1533,1.7484
20.6147,0.2367,0.1591,1.8435
20.6488,0.1982,0.1636,1.9223
20.6812,0.1612,0.1695,1.9970
20.7154,0.1304,0.1743,2.0578
20.7478,0.1026,0.1781,2.1116
21.0493,0.0847,0.1801,2.1150
21.0828,0.0707,0.1794,2.1135
21.1152,0.0665,0.1798,2.1119
21.1489,0.0726,0.1808,2.0969
21.1821,0.0882,0.1808,2.0724
21.2150,0.1092,0.1779,2.0362
21.2485,0.1383,0.1782,1.9960
21.2819,0.1749,0.1817,1.9502
21.3178,0.2145,0.1784,1.8982
21.3492,0.2600,0.1567,1.8441
21.3828,0.3066,0.1344,1.7862
21.4148,0.3558,0.1164,1.7266
21.4484,0.4048,0.1192,1.6612
21.4833,0.4553,0.1231,1.5947
21.5158,0.5065,0.1262,1.5268
21.5484,0.5613,0.1267,1.4623
21.5814,0.6158,0.1273,1.3960
21.6148,0.6702,0.1281,1.3220
21.6509,0.7273,0.1269,1.2532
21.6824,0.7839,0.1276,1.1857
21.7149,0.8393,0.1297,1.1179
21.7490,0.8940,0.1300,1.0438
21.7826,0.9484,0.1286,0.9740
21.8156,0.9999,0.1262,0.9053
21.8488,1.0308,0.1276,0.8539
21.8838,1.0395,0.1265,0.8400
21.9160,1.0248,0.1269,0.8522
21.9489,0.9920,0.1285,0.8783
21.9832,0.9449,0.1296,0.9177
22.0166,0.8875,0.1180,0.9704
22.0506,0.8207,0.1062,1.0300
22.0821,0.7446,0.1120,1.0985
22.1153,0.6623,0.0952,1.1782
22.1491,0.5748,0.1043,1.2608
22.1820,0.4871,0.1136,1.3515
22.2159,0.3944,0.1226,1.4419
22.2493,0.3013,0.1300,1.5240
22.8157,0.2353,0.1397,1.6284
22.8492,0.1765,0.1458,1.6995
22.8832,0.1311,0.1503,1.7495
22.9164,0.1012,0.1547,1.7794
22.9500,0.0856,0.1562,1.7923
22.9826,0.0812,0.1569,1.7888
23.0157,0.0877,0.1568,1.7736
23.0494,0.1026,0.1612,1.7477
23.0834,0.1230,0.1661,1.7118
23.1167,0.1494,0.1640,1.6692
23.1503,0.1811,0.1612,1.6187
23.1847,0.2174,0.1460,1.5637
23.2177,0.2560,0.1309,1.5059
23.2500,0.2977,0.1299,1.4424
23.2838,0.3416,0.1303,1.3797
23.3181,0.3856,0.1269,1.3135
23.3504,0.4306,0.1239,1.2417
23.3838,0.4763,0.1219,1.1694
23.4171,0.5240,0.1254,1.0984
23.4510,0.5718,0.1256,1.0259
23.4839,0.6197,0.1253,0.9527
23.5182,0.6683,0.1184,0.8785
23.5507,0.7174,0.1054,0.8079
23.5833,0.7509,0.1019,0.7627
23.6170,0.7625,0.1056,0.7405
23.6513,0.7562,0.1076,0.7465
23.6833,0.7358,0.1092,0.7828
23.7165,0.7033,0.1111,0.8338
23.7503,0.6606,0.1039,0.8942
23.7834,0.6091,0.1119,0.9707
23.8165,0.5515,0.0951,1.0565
23.8503,0.4866,0.1042,1.1495
23.8835,0.4204,0.1143,1.2513
23.9173,0.3520,0.1242,1.3579
23.9500,0.2834,0.1330,1.4693
23.9836,0.2171,0.1397,1.5708
24.3520,0.1733,0.1479,1.6916
24.3838,0.1310,0.1527,1.7458
24.4170,0.1028,0.1568,1.7767
24.4510,0.0965,0.1599,1.7971
24.4840,0.1030,0.1613,1.8020
24.5167,0.1199,0.1656,1.7918
24.5519,0.1462,0.1408,1.7718
24.5857,0.1817,0.1451,1.7390
24.6173,0.2234,0.1236,1.6994
24.6514,0.2690,0.1094,1.6555
24.6843,0.3184,0.0999,1.6029
24.7175,0.3711,0.1031,1.5483
24.7507,0.4258,0.1073,1.4864
24.7836,0.4822,0.1107,1.4218
24.8180,0.5406,0.1142,1.3561
24.8513,0.6001,0.1155,1.2860
24.8842,0.6604,0.1165,1.2145
24.9171,0.7225,0.1165,1.1413
24.9507,0.7852,0.1192,1.0726
24.9843,0.8487,0.1215,1.0019
25.0179,0.9093,0.1225,0.9301
25.0512,0.9517,0.1243,0.8808
25.0838,0.9713,0.1234,0.8565
25.1172,0.9715,0.1248,0.8525
25.1510,0.9527,0.1259,0.8731
25.1844,0.9215,0.1262,0.9091
25.2174,0.8793,0.1255,0.9601
25.2515,0.8297,0.1110,1.0257
25.2851,0.7726,0.0966,1.0977
25.3183,0.7069,0.1122,1.1759
25.3505,0.6360,0.0954,1.2591
25.3845,0.5617,0.1068,1.3453
25.4178,0.4862,0.1158,1.4342
25.4516,0.4088,0.1253,1.5232
25.4841,0.3305,0.1347,1.6119
25.5175,0.2567,0.1411,1.6919
25.8846,0.2097,0.1490,1.7934
25.9187,0.1516,0.1529,1.8252
25.9528,0.1109,0.1560,1.8393
25.9855,0.0958,0.1579,1.8463
26.0202,0.0921,0.1574,1.8325
26.0519,0.1007,0.1596,1.8091
26.0846,0.1192,0.1356,1.7742
26.1177,0.1464,0.1375,1.7277
26.1517,0.1800,0.1169,1.6736
26.1841,0.2201,0.1090,1.6135
26.2184,0.2657,0.1037,1.5507
26.2516,0.3143,0.1066,1.4832
26.2851,0.3658,0.1098,1.4126
26.3186,0.4191,0.1117,1.3397
26.3515,0.4733,0.1130,1.2610
26.3848,0.5293,0.1175,1.1795
26.4189,0.5860,0.1145,1.0971
26.4520,0.6459,0.1097,1.0168
26.4849,0.7056,0.0985,0.9330
26.5189,0.7589,0.0855,0.8556
26.5522,0.7857,0.0850,0.8032
26.5857,0.7870,0.0941,0.7904
26.6199,0.7678,0.0947,0.8030
26.6522,0.7330,0.0998,0.8370
26.6856,0.6847,0.0922,0.8913
26.7194,0.6232,0.1001,0.9596
26.7515,0.5510,0.1083,1.0411
26.7857,0.4728,0.1161,1.1327
26.8189,0.3876,0.1221,1.2289
26.8527,0.2993,0.1302,1.3357
27.4535,0.2475,0.1410,1.4987
27.4861,0.1859,0.1466,1.5921
27.5195,0.1471,0.1515,1.6643
27.5536,0.1265,0.1545,1.7158
27.5861,0.1239,0.1570,1.7502
27.6205,0.1312,0.1592,1.7638
27.6531,0.1501,0.1619,1.7660
27.6858,0.1783,0.1376,1.7540
27.7197,0.2139,0.1407,1.7296
27.7527,0.2561,0.1224,1.6994
27.7858,0.3015,0.1058,1.6618
27.8208,0.3513,0.0925,1.6180
27.8530,0.4028,0.0991,1.5658
27.8857,0.4571,0.1052,1.5112
27.9193,0.5128,0.1114,1.4542
27.9534,0.5700,0.1137,1.3909
27.9866,0.6294,0.1180,1.3281
28.0204,0.6901,0.1188,1.2613
28.0528,0.7513,0.1205,1.1967
28.0857,0.8143,0.1237,1.1294
28.1189,0.8769,0.1265,1.0636
28.1523,0.9309,0.1267,0.9897
28.1868,0.9590,0.1283,0.9426
28.2194,0.9674,0.1291,0.9375
28.2526,0.9520,0.1290,0.9666
28.2879,0.9220,0.1310,1.0091
28.3202,0.8785,0.1118,1.0565
28.3526,0.8244,0.0960,1.1214
28.3866,0.7584,0.1083,1.1967
28.4204,0.6849,0.0920,1.2769
28.4531,0.6058,0.1051,1.3655
28.4882,0.5243,0.1155,1.4565
28.5198,0.4401,0.1254,1.5499
28.5529,0.3554,0.1351,1.6398
28.5869,0.2838,0.1441,1.7351
28.8889,0.2165,0.1492,1.7881
28.9205,0.1740,0.1535,1.8301
28.9557,0.1425,0.1571,1.8451
28.9866,0.1340,0.1595,1.8478
29.0204,0.1382,0.1607,1.8378
29.0544,0.1538,0.1366,1.8155
29.0870,0.1794,0.1449,1.7817
29.1207,0.2122,0.1479,1.7383
29.1535,0.2515,0.1302,1.6885
29.1886,0.2968,0.1173,1.6361
29.2209,0.3461,0.1153,1.5772
29.2538,0.3982,0.1172,1.5143
29.2891,0.4533,0.1167,1.4481
29.3201,0.5103,0.1189,1.3775
29.3537,0.5680,0.1220,1.3061
29.3882,0.6264,0.1256,1.2295
29.4204,0.6859,0.1259,1.1497
29.4537,0.7480,0.1270,1.0753
29.4874,0.8115,0.1279,0.9995
29.5203,0.8698,0.1300,0.9293
29.5546,0.9067,0.1320,0.8846
29.5886,0.9234,0.1302,0.8640
29.6218,0.9254,0.1300,0.8726
29.6536,0.9096,0.1295,0.8864
29.6876,0.8857,0.1301,0.9238
29.7232,0.8545,0.1302,0.9780
29.7554,0.8163,0.1150,1.0374
29.7875,0.7738,0.0978,1.1052
29.8224,0.7252,0.0969,1.1744
29.8542,0.6741,0.1129,1.2518
29.8874,0.6205,0.1245,1.3331
29.9210,0.5660,0.1323,1.4165
29.9539,0.5109,0.1389,1.5010
29.9872,0.4554,0.1456,1.5869
30.0231,0.3991,0.1515,1.6752
30.0552,0.3410,0.1566,1.7616
30.0892,0.2842,0.1622,1.8461
30.1216,0.2431,0.1682,1.9390
30.3878,0.1902,0.1716,1.9859
30.4212,0.1528,0.1752,2.0155
30.4584,0.1363,0.1755,2.0223
30.4879,0.1369,0.1772,2.0222
30.5212,0.1502,0.1769,2.0104
30.5545,0.1743,0.1767,1.9883
30.5898,0.2069,0.1746,1.9560
30.6212,0.2469,0.1778,1.9152
30.6547,0.2932,0.1618,1.8693
30.6879,0.3437,0.1420,1.8157
30.7218,0.3972,0.1419,1.7595
30.7551,0.4535,0.1438,1.7005
30.7881,0.5118,0.1437,1.6369
30.8232,0.5733,0.1448,1.5735
30.8567,0.6361,0.1433,1.5047
30.8882,0.7013,0.1443,1.4394
30.9214,0.7660,0.1451,1.3695
30.9547,0.8303,0.1455,1.3006
30.9882,0.8950,0.1434,1.2261
31.0216,0.9594,0.1333,1.1545
31.0554,1.0245,0.1189,1.0751
31.0901,1.0725,0.1078,1.0219
31.1224,1.1011,0.1089,0.9973
31.1562,1.1129,0.1150,0.9928
31.1889,1.1115,0.1210,1.0025
31.2223,1.0986,0.1260,1.0303
31.2548,1.0754,0.1318,1.0712
31.2885,1.0450,0.1345,1.1284
31.3218,1.0070,0.1384,1.1914
31.3548,0.9648,0.1444,1.2610
31.3901,0.9181,0.1482,1.3300
31.4231,0.8710,0.1515,1.4053
31.4551,0.8225,0.1559,1.4838
31.4888,0.7731,0.1590,1.5657
31.5217,0.7227,0.1646,1.6536
31.5559,0.6702,0.1690,1.7397
31.5892,0.6165,0.1745,1.8303
31.6223,0.5618,0.1795,1.9202
31.6557,0.5062,0.1834,2.0093
31.6887,0.4518,0.1875,2.0898
31.7223,0.4062,0.1906,2.1635
31.7560,0.3656,0.1931,2.2240
31.7890,0.3317,0.1955,2.2758
31.8228,0.3020,0.1978,2.3163
31.8560,0.2755,0.1987,2.3427
31.8895,0.2572,0.1987,2.3558
31.9229,0.2494,0.2000,2.3527
31.9562,0.2445,0.1988,2.3233
31.9893,0.2475,0.1974,2.2844
32.0230,0.2564,0.1947,2.2399
32.0561,0.2684,0.1920,2.1869
32.0917,0.2833,0.1880,2.1275
32.1226,0.3020,0.1884,2.0649
32.1566,0.3224,0.1863,1.9988
32.1892,0.3438,0.1617,1.9282
32.2224,0.3661,0.1402,1.8555
32.2556,0.3904,0.1260,1.7824
32.2889,0.4150,0.1154,1.7077
32.3224,0.4404,0.1049,1.6316
32.3561,0.4656,0.1074,1.5546
32.3891,0.4906,0.1102,1.4733
32.4226,0.5174,0.1103,1.3968
32.4557,0.5450,0.1098,1.3195
32.4896,0.5713,0.1111,1.2386
32.5224,0.5977,0.1107,1.1594
32.5560,0.6248,0.1120,1.0788
32.5892,0.6527,0.1115,1.0012
32.6242,0.6801,0.1118,0.9233
32.6571,0.6981,0.1081,0.8534
32.6897,0.6982,0.1085,0.8152
32.7226,0.6848,0.1075,0.8079
32.7561,0.6593,0.1110,0.8320
32.7896,0.6235,0.1041,0.8797
32.8227,0.5781,0.0885,0.9331
32.8577,0.5248,0.0964,0.9951
32.8900,0.4657,0.1061,1.0738
32.9238,0.4056,0.1137,1.1670
32.9566,0.3417,0.1215,1.2582
32.9895,0.2766,0.1291,1.3545
33.0235,0.2092,0.1365,1.4526
33.0562,0.1477,0.1419,1.5504
33.3917,0.1016,0.1473,1.6377
33.4236,0.0768,0.1525,1.7097
33.4569,0.0622,0.1565,1.7498
33.4927,0.0566,0.1579,1.7662
33.5256,0.0711,0.1591,1.7722
33.5587,0.0960,0.1352,1.7614
33.5913,0.1290,0.1422,1.7338
33.6232,0.1709,0.1376,1.6989
33.6580,0.2182,0.1209,1.6565
33.6906,0.2693,0.1097,1.6067
33.7236,0.3242,0.1108,1.5522
33.7583,0.3832,0.1141,1.4947
33.7926,0.4435,0.1143,1.4306
33.8236,0.5050,0.1164,1.3598
33.8576,0.5686,0.1181,1.2882
33.8901,0.6337,0.1187,1.2164
33.9261,0.7008,0.1189,1.1386
33.9591,0.7675,0.1226,1.0647
33.9903,0.8352,0.1243,0.9929
34.0236,0.9014,0.1247,0.9177
34.0597,0.9468,0.1261,0.8476
34.0909,0.9704,0.1232,0.8025
34.1265,0.9723,0.1262,0.7789
34.1575,0.9559,0.1273,0.7824
34.1919,0.9226,0.1279,0.8106
34.2242,0.8768,0.1253,0.8731
34.2573,0.8200,0.1072,0.9628
34.2918,0.7542,0.1173,1.0661
34.3247,0.6803,0.0997,1.1642
34.3597,0.6007,0.1099,1.2614
34.3911,0.5186,0.1187,1.3624
34.4241,0.4350,0.1278,1.4700
34.4575,0.3536,0.1365,1.5795
34.4924,0.2962,0.1467,1.7143
34.8273,0.2431,0.1544,1.8162
34.8578,0.1930,0.1603,1.8708
34.8912,0.1631,0.1634,1.8953
34.9242,0.1470,0.1649,1.8998
34.9602,0.1442,0.1657,1.8914
34.9913,0.1496,0.1659,1.8699
35.0249,0.1660,0.1410,1.8393
35.0589,0.1900,0.1462,1.7982
35.0913,0.2215,0.1463,1.7503
35.1242,0.2590,0.1290,1.6980
35.1588,0.3004,0.1178,1.6404
35.1929,0.3457,0.1013,1.5809
35.2243,0.3934,0.1071,1.5157
35.2584,0.4421,0.1112,1.4483
35.2912,0.4932,0.1140,1.3804
35.3273,0.5456,0.1168,1.3086
35.3583,0.5988,0.1189,1.2387
35.3911,0.6537,0.1241,1.1617
35.4255,0.7100,0.1238,1.0888
35.4581,0.7542,0.1272,1.0267
35.4946,0.7754,0.1279,0.9951
35.5255,0.7757,0.1279,0.9960
35.5592,0.7608,0.1291,1.0194
35.5923,0.7326,0.1167,1.0584
35.6252,0.6934,0.1031,1.1120
35.6595,0.6463,0.1144,1.1807
35.6924,0.5909,0.0972,1.2627
35.7251,0.5301,0.1095,1.3535
35.7581,0.4679,0.1210,1.4519
35.7919,0.4018,0.1302,1.5535
35.8267,0.3351,0.1389,1.6588
35.8586,0.2721,0.1456,1.7545
36.2584,0.2139,0.1529,1.8133
36.2931,0.1818,0.1580,1.8615
36.3262,0.1653,0.1624,1.8884
36.3608,0.1621,0.1639,1.8979
36.3924,0.1706,0.1652,1.8935
36.4260,0.1889,0.1675,1.8779
36.4592,0.2170,0.1645,1.8544
36.4934,0.2510,0.1651,1.8211
36.5257,0.2903,0.1460,1.7811
36.5613,0.3316,0.1253,1.7347
36.5930,0.3772,0.1076,1.6849
36.6277,0.4233,0.1115,1.6242
36.6596,0.4729,0.1162,1.5657
36.6947,0.5262,0.1222,1.5055
36.7265,0.5814,0.1240,1.4468
36.7592,0.6356,0.1256,1.3793
36.7951,0.6925,0.1281,1.3173
36.8270,0.7501,0.1284,1.2522
36.8594,0.8076,0.1311,1.1859
36.8926,0.8639,0.1316,1.1094
36.9259,0.9209,0.1314,1.0400
36.9599,0.9779,0.1269,0.9731
36.9954,1.0179,0.1272,0.9185
37.0266,1.0343,0.1287,0.8821
37.0590,1.0268,0.1294,0.8681
37.0924,0.9992,0.1294,0.8779
37.1257,0.9555,0.1291,0.9191
37.1590,0.8995,0.1136,0.9661
37.1948,0.8319,0.1055,1.0167
37.2272,0.7567,0.1123,1.0784
37.2592,0.6703,0.1223,1.1480
37.2965,0.5812,0.1278,1.2266
37.3263,0.4894,0.1338,1.3094
37.3595,0.3961,0.1397,1.3960
37.3929,0.3000,0.1460,1.4719
38.1268,0.2276,0.1506,1.5640
38.1601,0.1684,0.1546,1.6315
38.1949,0.1361,0.1587,1.6749
38.2274,0.1237,0.1610,1.7119
38.2606,0.1227,0.1614,1.7306
38.2956,0.1297,0.1632,1.7305
38.3271,0.1469,0.1387,1.7220
38.3607,0.1701,0.1179,1.7003
38.3937,0.1996,0.1269,1.6684
38.4271,0.2333,0.1120,1.6275
38.4632,0.2712,0.1024,1.5820
38.4954,0.3117,0.0980,1.5311
38.5273,0.3549,0.1017,1.4791
38.5629,0.4002,0.1081,1.4198
38.5938,0.4456,0.1114,1.3588
38.6274,0.4935,0.1140,1.2930
38.6602,0.5435,0.1178,1.2314
38.6939,0.5927,0.1204,1.1628
38.7271,0.6431,0.1189,1.0951
38.7603,0.6929,0.1195,1.0254
38.7948,0.7323,0.1147,0.9650
38.8269,0.7531,0.1181,0.9354
38.8605,0.7574,0.1200,0.9388
38.8966,0.7466,0.1214,0.9700
38.9273,0.7237,0.1093,1.0172
38.9611,0.6939,0.0965,1.0777
38.9941,0.6567,0.0869,1.1452
39.0275,0.6134,0.0739,1.2264
39.0622,0.5669,0.0889,1.3219
39.0956,0.5168,0.1011,1.4170
39.1282,0.4632,0.1141,1.5147
39.1610,0.4098,0.1248,1.6218
39.1945,0.3525,0.1365,1.7267
39.2297,0.2984,0.1465,1.8284
39.2634,0.2489,0.1552,1.9151
39.2943,0.2160,0.1634,2.0183
39.3279,0.1782,0.1684,2.0832
39.3610,0.1450,0.1728,2.1377
39.3943,0.1177,0.1766,2.1853
39.4276,0.0936,0.1796,2.2248
39.7303,0.0613,0.1819,2.2324
39.7612,0.0320,0.1835,2.2290
39.7971,0.0122,0.1840,2.2130
39.8282,-0.0001,0.1832,2.1843
39.8620,0.0010,0.1813,2.1439
39.8951,0.0161,0.1799,2.1068
39.9285,0.0390,0.1785,2.0627
39.9619,0.0670,0.1517,2.0112
39.9947,0.1012,0.1290,1.9565
40.0287,0.1398,0.1368,1.8953
40.0611,0.1822,0.1167,1.8295
40.0945,0.2278,0.1043,1.7639
40.1285,0.2748,0.0965,1.6957
40.1614,0.3243,0.0827,1.6279
40.1946,0.3736,0.0912,1.5539
40.2285,0.4250,0.0982,1.4826
40.2616,0.4767,0.1032,1.4086
40.2963,0.5289,0.1087,1.3315
40.3288,0.5810,0.1128,1.2531
40.3637,0.6339,0.1162,1.1814
40.3953,0.6866,0.1219,1.1021
40.4283,0.7306,0.1280,1.0370
40.4619,0.7529,0.1291,0.9976
40.4951,0.7546,0.1292,0.9821
40.5287,0.7408,0.1310,0.9930
40.5619,0.7136,0.1202,1.0297
40.5954,0.6747,0.1117,1.0685
40.6288,0.6303,0.1216,1.1211
40.6619,0.5785,0.1283,1.1806
40.6955,0.5217,0.1091,1.2527
40.7289,0.4636,0.1170,1.3346
40.7622,0.4011,0.1248,1.4123
40.7980,0.3370,0.1331,1.4933
40.8289,0.2730,0.1402,1.5798
40.8621,0.2107,0.1467,1.6591
40.8955,0.1546,0.1510,1.7333
41.9636,0.1715,0.1609,1.8673
41.9964,0.2018,0.1696,1.9909
42.0297,0.2489,0.1778,2.1014
42.0631,0.2910,0.1849,2.1976
